Table Name,Occurrences
Aktiva,230
AKTIVA,116
Anlagespiegel,55
Entwicklung des Anlagevermögens im Geschäftsjahr 2021,33
Entwicklung des Anlagevermögens,26
Nachtragsbericht,25
Anlagenspiegel,20
Entwicklung des Anlagevermögens 2021,17
AKTIVSEITE,13
Bilanz,13
Ergebnisverwendung,9
Anlagenspiegel zum 31. Dezember 2021,8
Ergebnisverwendungsvorschlag,7
ENTWICKLUNG DES ANLAGEVERMÖGENS IM GESCHÄFTSJAHR 2021,6
A. Anlagenspiegel,6
Angaben zur Bilanz,6
Anlagenspiegel 2021,5
Aktivseite,5
Abschreibungen,5
Buchwerte,5
"Entwicklung des Anlagevermögens für das Geschäftsjahr vom 1. Januar bis 31. Dezember
            2021",5
Entwicklung des Anlagevermögens im Geschäftsjahr 2021/2022,5
Konzernverhältnisse,5
Mitarbeiter,4
Konzernzugehörigkeit,4
7. Nachtragsbericht,4
Anschaffungs- und Herstellungskosten,4
Verbindlichkeiten wurden zum Erfüllungsbetrag angesetzt.,4
A K T I V A,4
Verantwortung des Abschlussprüfers für die Prüfung des Jahresabschlusses und des Lageberichts,3
E. Ergebnisverwendung,3
Anhang - Entwicklung des Anlagevermögens,3
(Anlagenspiegel),3
Entwicklung des Anlagevermögens zum 31. Dezember 2021,3
V. Sonstige Angaben,3
5. Nachtragsbericht,3
Anlagevermögen,3
"Ein grundlegender Wechsel von Bilanzierungs- und Bewertungsmethoden gegenüber dem
            Vorjahr fand nicht statt.",3
"Die Geschäftsjahresabschreibung je Posten der Bilanz ist aus dem Anlagenspiegel zu
            entnehmen.",3
ANLAGESPIEGEL,3
6. Ergebnisverwendung,3
Jahresabschluss zum Geschäftsjahr vom 01.01.2019 bis zum 31.12.2019,3
"Wir erörtern mit den für die Überwachung Verantwortlichen unter anderem den geplanten
            Umfang und die Zeitplanung der Prüfung sowie bedeutsame Prüfungsfeststellungen, einschließlich
            etwaiger Mängel im internen Kontrollsystem, die wir während unserer Prüfung feststellen.",3
"Angaben zur Identifikation der Gesellschaft
         


         Die Steinlen Elektromaschinenbau GmbH, hat ihren Sitz in Burgwedel und ist unter der
            Nummer HRB 202 150 in das Handelsregister beim Amtsgericht Hannover eingetragen.
         


          Allgemeine Angaben
         

         Der Jahresabschluss der Steinlen Elektromaschinenbau GmbH wurde nach den Vorschriften
            des Handelsgesetzbuchs (HGB) aufgestellt. Ergänzend zu diesen Vorschriften waren die
            Regelungen des GmbH-Gesetzes und des Gesellschaftsvertrages zu berücksichtigen.
         

         Die Bilanzierungs- und Bewertungsgrundsätze sind gegenüber dem Vorjahr im Wesentlichen
            unverändert beibehalten worden. Die gesetzlichen Gliederungsschemata der §§ 266 und
            275 HGB wurden angewandt.
         

         Nach den in § 267 HGB angegebenen Größenklassen handelt es sich bei der Gesellschaft
            um eine sog. mittelgroße Kapitalgesellschaft.
         


          Angaben zur Bilanzierung und Bewertung
         

         Die
         
          Entwicklung des Anlagevermögens
         
         wird in dem (als Anlage beigefügten) Anlagenspiegel dargestellt, der damit zum Bestandteil
            dieses Anhangs wird. Die einzelnen Vermögensgegenstände sind mit den Anschaffungs-
            bzw. Herstellungskosten - vermindert um die planmäßige Abschreibung - angesetzt. Es
            wird ausschließlich die lineare Abschreibungsmethode angewandt.
         

         Die Anschaffungskosten für geschäfts- bzw. firmenwertähnliche Vermögensgegenstände
            werden linear über einen Zeitraum von zehn Jahren abgeschrieben.
         

         Die Gesellschaft besitzt seit dem 01. Januar 2015 100 % der Geschäftsanteile an der
            Elektrotechnik Jantzen GmbH, Bremerhaven, (
         
          Anteile an verbundenen Unternehmen
         
         ). Die Tochtergesellschaft ist im Jahr 1996 gegründet worden und verfügt zum 31.12.2021
            über ein Eigenkapital in Höhe von 2,0 Mio. Euro. Darin enthalten ist der Jahresüberschuss
            für 2021 in Höhe von 321 Tsd. Euro.
         

         Die Gesellschaft besitzt 51 % der Anteile an der Steinlen Polska Sp. Z.O.O., Ostrzeszow,
            Polen.  Die Tochtergesellschaft ist im Jahr 2010 gegründet worden und verfügt zum
            31.12.2020 über ein Eigenkapital in Höhe von rd. 1,6 Mio. ZL. das entspricht rd. 0,8
            Mio. Euro. In den letzten Jahren wurden durchweg Jahresüberschüsse erzielt und es
            gab auch regelmäßig Gewinnausschüttungen.
         

         Die Bewertung der
         
          Vorräte
         
         erfolgt zu Anschaffungs- oder Herstellungskosten, bzw. zum niedrigeren, beizulegenden
            Wert. Der Bewertung werden grundsätzlich die durchschnittlichen Einkaufspreise zugrunde
            gelegt. Für die Gebrauchtmotoren werden in Übereinstimmung mit den Feststellungen
            der letzten Betriebsprüfungen, die Wertansätze in Abhängigkeit vom Alter der Motoren
            mit den Anschaffungskosten bzw. einem Einheitspreis von 1,24 Euro pro kg ermittelt.
         

         Bei den Ersatzteilen werden die in den letzten fünf Jahren angeschafften mit den Anschaffungskosten
            angesetzt. Ältere Ersatzteile werden mit 15 % von den ursprünglichen Anschaffungskosten
            angesetzt.
         

         Die
         
          Forderungen, die sonstigen Vermögensgegenstände und die flüssigen Mittel
         
         werden zum Nennwert bewertet. Für das allgemeine Kreditrisiko bei den Forderungen
            aus Lieferungen und Leistungen wird eine Pauschalwertberichtigung in Höhe von 1 %
            des Netto-Forderungsbestandes gebildet. Für zweifelhafte Forderungen werden bei Bedarf
            angemessene Einzelwertberichtigungen gebildet.
         

         Die
         
          Pensionsrückstellungen
         
         werden nach versicherungsmathematischen Grundsätzen nach dem Ansammlungsverfahren
            (Projected Unit Credit Methode kurz: PUCM) unter Berücksichtigung eines Rechnungszinssatzes
            von 1,87 % p.a. und einem Renten- und Gehaltstrend von jeweils 2 % p.a. berechnet.
            Als Rechnungsgrundlagen dienten die Richttafeln 2018 G von Dr. Klaus Heubeck.
         

         Die Berechnung der Pensionsrückstellung basiert auf dem Rechnungszinssatz, der sich
            bei einem
         
          10-jährigen Referenzzeitraum
         
         ergibt. Der Unterschiedsbetrag zu dem Rechnungszinssatz, der sich bei einem 7-jährigen
            Referenzzeitraum ergibt, beträgt 201 Tsd. Euro. Für diesen Betrag gilt eine
         
          Ausschüttungssperre
         
         .
         

         Die Bewertung der
         
          sonstigen Rückstellungen
         
         erfolgt nach vernünftiger kaufmännischer Beurteilung in Höhe der voraussichtlichen
            Erfüllungsbeträge. Sie berücksichtigen alle erkennbaren Risiken und ungewissen Verbindlichkeiten.
            Abzinsungen waren nicht erforderlich.
         

         Die Bewertung der
         
          Verbindlichkeiten
         
         erfolgt zum jeweiligen Erfüllungsbetrag.
         


          Angaben und Erläuterungen zu einzelnen Posten der Bilanz
         

         Die Forderungen bzw. Verbindlichkeiten gegen verbundene Unternehmen stellen (zum Teil)
            zugleich Forderungen bzw. Verbindlichkeiten aus Lieferungen und Leistungen dar
         
          (Mitzugehörigkeitsvermerk)
         
         .
         

         Unter den sonstigen Vermögensgegenständen werden
         
          Posten
         
         ausgewiesen,
         
          die rechtlich erst nach dem Bilanzstichtag entstehen
         
         . Es handelt sich dabei im Wesentlichen um ausländische Umsatzsteuer.
         

         Der Jahresabschluss wurde ohne Berücksichtigung der Gewinnverwendung aufgestellt.
         

         Im Rahmen der üblichen Geschäftstätigkeit besteht im Wesentlichen eine
         
          finanzielle Verpflichtung
         
         aus einem Pacht- und einem Mietvertrag in Höhe von rd. 0,8 Mio. Euro p.a.
         

         Verbindlichkeiten mit einer Restlaufzeit von mehr als fünf Jahren und durch Pfandrechte
            oder ähnliche Rechte besicherte bestehen nicht.
         


          Erläuterungen und ergänzende Angaben zur Gewinn- und Verlustrechnung
         


         Die Gewinn- und Verlustrechnung wird in Staffelform nach dem Gesamtkostenverfahren
            aufgestellt.
         


          Aufwendungen aus der Abzinsung
         
         der Pensionsrückstellungen sind in Höhe von 43,3 Tsd. Euro (Vorjahr: 48,5 Tsd. Euro)
            angefallen.
         


          Sonstige Pflichtangaben
         

         Im Durchschnitt des Jahres waren 57 gewerbliche und 68 angestellte
         
          Arbeitnehmer und Arbeitnehmerinnen
         
         beschäftigt. Zum Zwecke ihrer Ausbildung waren im Berichtsjahr 17 Auszubildende beschäftigt.
         


          Geschäftsführer
         
         der Gesellschaft war im Berichtsjahr der Gesellschafter, Herr Dipl.-Ing. Axel Brinkmann.
         
         Dem
         
          Beirat
         
         der Gesellschaft gehörten im Berichtsjahr an:
         

         ·  Herr Dipl.-Ing. Jürgen Arndt, Vorsitzender
         
         ·  Herr Rechtsanwalt und Notar Friedrich-Wilhelm Hindahl
         
         ·  Herr Bankdirektor Lars Jendrtzok.
         

         Die Beiratsmitglieder haben im Berichtsjahr (wie im Vorjahr) Gesamtbezüge in Höhe
            von 7 Tsd. Euro erhalten.
         

          Nachtragsbericht
         

         Nach dem Schluss des Geschäftsjahres haben sich, mit Ausnahme der noch nicht abschließend
            zu beurteilenden Auswirkungen aus der Corona- und der Ukraine-Krise, keine Vorgänge
            von besonderer Bedeutung ergeben.",3
Die planmäßigen Abschreibungen werden über die folgenden Nutzungsdauern vorgenommen:,3
Entwicklung des Anlagevermögens im Rumpfgeschäftsjahr 2018,3
Anlagennachweis für das Jahr 2021 (Bruttoanlagenspiegel):,3
Entwicklung des Anlagevermögens 2015,3
Entwicklung des Anlagevermögens 2021/2022,2
"Rückstellungen mit einer Restlaufzeit von mehr als einem Jahr wurden mit dem ihrer
            Restlaufzeit entsprechenden von der Deutschen Bundesbank bekannt gegebenen durchschnittlichen
            Marktzinssatz der vergangenen sieben Geschäftsjahre abgezinst.",2
6. Nachtragsbericht,2
Sonstige finanzielle Verpflichtungen,2
Anlagenspiegel (brutto),2
AKTIVA:,2
Betriebsgewöhnliche Nutzungsdauern:,2
"Entwicklung
            des Anlagevermögens",2
Anlagenspiegel für das Geschäftsjahr 2021,2
Gewinnverwendung,2
Wertentwicklung,2
Anlagespiegel für die einzelnen Posten des Anlagevermögens,2
Mutterunternehmen,2
CHOCOTECH GmbH,2
III. Angaben zur Bilanz,2
Die Entwicklung des Anlagevermögens stellt sich wie folgt dar:,2
ENTWICKLUNG DES ANLAGEVERMÖGENS IM GESCHÄFTSJAHR 2020,2
Gegenüber dem Vorjahr abweichende Bilanzierungs- und Bewertungsmethoden,2
Erläuterungen zur Bilanz,2
4. Ergebnisverwendung,2
Anlagespiegel zum 31. Dezember 2021,2
"Die Geschäftsführung schlägt vor, den Bilanzgewinn auf neue Rechnung vorzutragen.",2
Ereignisse nach dem Bilanzstichtag,2
Gewinnverwendungsvorschlag,2
"Beim Jahresabschluss konnten die bisher angewandten Bilanzierungs- und Bewertungsmethoden
            im Wesentlichen übernommen werden.",2
"Die Sofortabschreibung geringwertiger Wirtschaftsgüter wird als Zugang und Abgang
            ausgewiesen. Die Geschäftsjahresabschreibung enthält damit diese Beträge nicht.",2
VI. Nachtragsbericht,2
Anlagenspiegel (Werte in EUR),2
Sonstiges,2
Ruwac Industriesauger GmbH,2
Entwicklung des Anlagevermögens im Geschäftsjahr 2020,2
Honorar des Abschlussprüfers,2
"Bei der Aufstellung des Jahresabschlusses sind die gesetzlichen Vertreter dafür verantwortlich,
            die Fähigkeit der Gesellschaft zur Fortführung der Unternehmenstätigkeit zu beurteilen.
            Des Weiteren haben sie die Verantwortung, Sachverhalte in Zusammenhang mit der Fortführung
            der Unternehmenstätigkeit, sofern einschlägig, anzugeben. Darüber hinaus sind sie
            dafür verantwortlich, auf der Grundlage des Rechnungslegungsgrundsatzes der Fortführung
            der Unternehmenstätigkeit zu bilanzieren, sofern dem nicht tatsächliche oder rechtliche
            Gegebenheiten entgegenstehen.",2
Starcke GmbH & Co. KG,2
Brutto-Anlagespiegel zum 31. Dezember 2021,1
"Die Gesamtbezüge für die Mitglieder des Geschäftsführungsorgans werden unter Bezugnahme
            auf § 286 Abs. 4 HGB nicht ausgewiesen.",1
V. Sonstige Pflichtangaben,1
"Im letzten Quartal des Berichtszeitraums erfolgte der russische Einmarsch in die Ukraine
            mit zugehörigen Wirtschaftssanktionen gegenüber Russland. In diesem Zuge hat die SMC
            Deutschland GmbH ihr Geschäft mit der russischen Tochtergesellschaft komplett eingestellt,
            direkte Geschäftsverbindungen zur Ukraine bestehen nicht.",1
"Nach Ablauf des Geschäftsjahres 2021/22 sind keine Ereignisse eingetreten, die für
            die SMC Deutschland GmbH von wesentlicher Bedeutung sind und zu einer anderen Darstellung
            der Lage des Unternehmens führen könnten.",1
Die Entwicklung des Anlagevermögens ergibt sich aus nachstehendem Anlagespiegel:,1
a) Allgemeines,1
Haftungsverhältnisse,1
3 Entwicklung des Anlagevermögens zum 30. September 2022,1
"Die Erfolgsauswirkungen aus der Änderung des Abzinsungssatzes wurden im Finanzergebnis
            gezeigt.",1
"Die Geschäftsführung schlägt in Übereinstimmung mit dem Gesellschafter vor, den Jahresüberschuss
            in Höhe von EUR 75.486,38 mit dem Verlustvortrag von EUR -16.399.466,88 zu verrechnen
            und den verbleibenden Bilanzverlust in Höhe von EUR -16.323.980,50 auf neue Rechnung
            vorzutragen.",1
"Jakob Lach GmbH & Co. KG, Hanau",1
"Persönlich haftende Gesellschafterin der Jakob Lach GmbH & Co. KG ist die Jakob Lach
            Verwaltungs GmbH, Hanau, mit einem gezeichneten Kapital von EUR 25.564,59 (DM 50.000,00).",1
"Die zugrunde liegenden durchschnittlichen Nutzungsdauern für Anlagegüter betragen
            bei:",1
Vorgänge von besonderer Bedeutung nach dem Abschlussstichtag,1
"Auf die Angabe der Bezüge der Geschäftsführung wird gemäß § 286 Abs. 4 HGB verzichtet,
            da nur einer der zuvor genannten Geschäftsführer Bezüge von der Gesellschaft erhält.",1
"Die Zusammensetzung und Entwicklung des Anlagevermögens ergibt sich aus folgendem
            Anlagespiegel:",1
Der Jahresüberschuss wird den Darlehenskonten der Kommanditisten gutgeschrieben.,1
"Sachanlagen werden zu Anschaffungs- oder Herstellungskosten und
            bei Abnutzbarkeit abzüglich planmäßiger linearer Abschreibungen bewertet.
            Die Nutzungsdauern orientieren sich an den Absetzungstabellen der
            Finanzverwaltung und betragen meist",1
"- Frau Bettina Geyer, Unternehmerin, Lüdenscheid.",1
"Bei der Gesellschaft ist ein Beirat mit folgender Zusammensetzung
            eingerichtet:",1
Das Anlagevermögen entwickelt sich wie folgt:,1
"Forderungen und Verbindlichkeiten in Fremdwährung mit einer Restlaufzeit bis zu einem
            Jahr werden zum Devisenkassamittelkurs am Bilanzstichtag umgerechnet. Bei einer Restlaufzeit
            über einem Jahr erfolgt die Umrechnung mit dem Wechselkurs zum Zeitpunkt des Entstehens.
            Bei Wechselkursänderungen bis zum Bilanzstichtag erfolgt die Bewertung grundsätzlich
            zum Wechselkurs des Bilanzstichtages unter Beachtung des Niederstwertprinzips auf
            der Aktiv- und des Höchstwertprinzips auf der Passivseite.",1
"Aufwendungen und Erträge aus sich im Zeitablauf verändernden Zinssätzen und Restlaufzeiten
            wurden im Finanzergebnis ausgewiesen.",1
Anlagenspiegel Anlage 1,1
"10.
         
          Ergebnisverwendung",1
"LEMO Maschinenbau GmbH Maschinen-Entwicklung, Herstellung und Vertrieb, 53859 Niederkassel",1
6. Schlussbemerkung,1
ANLAGESPIEGEL 2021,1
"Für die Wolfgang Schmahl GmbH & Co. KG entwickelten sich die ersten drei Monate des
            Kalenderjahres 2022 infolge der weiterhin großen Nachfrage im Bau- und Landmaschinenbau
            nach Lohnfertigungsleistungen positiv. Die Umsatzerlöse konnten um 450,0 TEUR oder
            6,7 % gesteigert werden. Trotz steigender Material- und stark gestiegenen Stromkosten
            konnte für die ersten drei Monate eine Zunahme des Ergebnisses auf 528,6 TEUR erreicht
            werden (+ 10% zu 2021).",1
E.PROGNOSEBERICHT,1
Entwicklung des Anlagevermögens im Geschäftsjahr 2013,1
"Nach unserer Beurteilung aufgrund der bei der Prüfung gewonnenen Erkenntnisse entspricht
            der Jahresabschluss den gesetzlichen Vorschriften und vermittelt unter Beachtung der
            Grundsätze ordnungsmäßiger Buchführung ein den tatsächlichen Verhältnissen entsprechendes
            Bild der Vermögens-, Finanz- und Ertragslage der Gesellschaft. Der Lagebericht steht
            in Einklang mit dem Jahresabschluss, vermittelt insgesamt ein zutreffendes Bild von
            der Lage der Gesellschaft und stellt die Chancen und Risiken der zukünftigen Entwicklung
            zutreffend dar.",1
"Wir haben den Jahresabschluss – bestehend aus Bilanz, Gewinn- und Verlustrechnung
            sowie Anhang – unter Einbeziehung der Buchführung und den Lagebericht der Zimmermann
            Formenbau GmbH Gladenbach-Erdhausen (bis 29. Januar 2013: Shapers’ Deutsch-land GmbH),
            für das Geschäftsjahr vom 1. Januar bis 31. Dezember 2013 geprüft. Die Buch-führung
            und die Aufstellung von Jahresabschluss und Lagebericht nach den deutschen handelsrechtlichen
            Vorschriften liegen in der Verantwortung der Geschäftsführung der Gesellschaft. Unsere
            Aufgabe ist es, auf der Grundlage der von uns durchgeführten Prüfung eine Beurteilung
            über den Jahresabschluss unter Einbeziehung der Buchführung und über den Lagebericht
            abzugeben.",1
"Neben dem Mietvertrag mit unserer Muttergesellschaft mit einer finanziellen Verpflichtung
            von insgesamt TEUR 3.402 für den von uns genutzten Grundbesitz bestehen sonstige finanzielle
            Verpflichtungen aus Leasingverträgen für Kraftfahrzeuge in üblichem Rahmen. Für technische
            Anlagen und Maschinen bestehen sonstige finanzielle Verpflichtungen in Höhe von insgesamt
            TEUR 1.948. Die Leasingverträge haben eine Restlaufzeit von bis zu 71 Monaten, der
            Mietvertrag hat eine Restlaufzeit von 126 Monaten. Neben der Bilanzneutralität beim
            Leasing und den damit verbundenen Rating-Vorteilen steht als Vorteil insbesondere
            die Kostenkongruenz (Liquiditätsvorteile) bzw. der sog. ""pay-as-you-earn-Gedanke""
            im Vordergrund der Leasingentscheidung bei den technischen Anlagen und Maschinen.",1
"Hierzu zählen Risiken wie Feuer, Hochwasser oder sonstige schwerwiegende Ereignisse,
            deren Eintritt unwahrscheinlich ist, aber Schäden verursachen könnten. Zur Risikoabwehr
            wurden entsprechende Versicherungspolicen abgeschlossen.",1
• Absatzrisiken,1
Entwicklung des Anlagevermögens in der Zeit vom 1. Januar bis 31. Dezember 2021,1
"Aus bestehenden Leasingverträgen zu Maschinen und Fahrzeugen betragen die nach dem
            Bilanzstichtag zu leistenden Leasingraten bis zum Ablauf des jeweiligen Vertrages
            insgesamt T€ 1.066 (ohne gesetzliche Umsatzsteuer). Verträge nach § 285 Nr. 3 HGB
            sind hierbei nicht berücksichtigt.",1
"TBi Industries GmbH, Karben (vormals Fernwald)",1
"Der nach dem Bilanzstichtag im Februar 2022 begonnene und bislang andauernde Ukrainekrieg
            sowie erhöhte allgemeine wirtschaftliche Risiken in den Folgejahren wirkten sich bei
            der Gesellschaft insbesondere auf Umsatzentwicklung, Energiekosten und auf Lieferketten
            aus.",1
"führen wir Prüfungshandlungen zu den von den gesetzlichen Vertretern dargestellten
            zukunftsorientierten Angaben im Lagebericht durch. Auf Basis ausreichender geeigneter
            Prüfungsnachweise vollziehen wir dabei insbesondere die den zukunftsorientierten Angaben
            von den gesetzlichen Vertretern zugrunde gelegten bedeutsamen Annahmen nach und beurteilen
            die sachgerechte Ableitung der zukunftsorientierten Angaben aus diesen Annahmen. Ein
            eigenständiges Prüfungsurteil zu den zukunftsorientierten Angaben sowie zu den zugrunde
            liegenden Annahmen geben wir nicht ab. Es besteht ein erhebliches unvermeidbares Risiko,
            dass künftige Ereignisse wesentlich von den zukunftsorientierten Angaben abweichen.",1
"ziehen wir Schlussfolgerungen über die Angemessenheit des von den gesetzlichen Vertretern
            angewandten Rechnungslegungsgrundsatzes der Fortführung der Unternehmenstätigkeit
            sowie, auf der Grundlage der erlangten Prüfungsnachweise, ob eine wesentliche Unsicherheit
            im Zusammenhang mit Ereignissen oder Gegebenheiten besteht, die bedeutsame Zweifel
            an der Fähigkeit der Gesellschaft zur Fortführung der Unternehmenstätigkeit aufwerfen
            können. Falls wir zu dem Schluss kommen, dass eine wesentliche Unsicherheit besteht,
            sind wir verpflichtet, im Bestätigungsvermerk auf die dazugehörigen Angaben im Jahresabschluss
            und im Lagebericht aufmerksam zu machen oder, falls diese Angaben unangemessen sind,
            unser jeweiliges Prüfungsurteil zu modifizieren. Wir ziehen unsere Schlussfolgerungen
            auf der Grundlage der bis zum Datum unseres Bestätigungsvermerks erlangten Prüfungsnachweise.
            Zukünftige Ereignisse oder Gegebenheiten können jedoch dazu führen, dass die Gesellschaft
            ihre Unternehmenstätigkeit nicht mehr fortführen kann.",1
"identifizieren und beurteilen wir die Risiken wesentlicher - beabsichtigter oder unbeabsichtigter
            - falscher Darstellungen im Jahresabschluss und im Lagebericht, planen und führen
            Prüfungshandlungen als Reaktion auf diese Risiken durch sowie erlangen Prüfungsnachweise,
            die ausreichend und geeignet sind, um als Grundlage für unsere Prüfungsurteile zu
            dienen. Das Risiko, dass wesentliche falsche Darstellungen nicht aufgedeckt werden,
            ist bei Verstößen höher als bei Unrichtigkeiten, da Verstöße betrügerisches Zusammenwirken,
            Fälschungen, beabsichtigte Unvollständigkeiten, irreführende Darstellungen bzw. das
            Außerkraftsetzen interner Kontrollen beinhalten können.",1
"Wie sich die Auswirkungen des Krieges in der Ukraine und die in der Folge verhängten
            weitreichenden Sanktionen gegen die Russische Föderation auf Wirtschaft und Märkte
            insgesamt auswirken werden, lässt sich zum gegenwärtigen Zeitpunkt nicht verlässlich
            beurteilen.",1
"Bei den Leasingverträgen handelt es sich um Operating-Leasingverträge. Diese Vorgehensweise
            trägt zur Verringerung der Kapitalbindung bei und belässt das Investitionsrisiko beim
            Leasinggeber.",1
"Die mit der Davis-Standard LLC bestehende Fälligkeitsvereinbarung wurde mit Datum
            vom 15. Juni 2022 an die zum 31. Dezember 2021 bestehenden Netto-Verbindlichkeiten
            der Gesellschaft gegenüber der Davis-Standard LLC angepasst und die Fälligkeit bis
            zum 31. März 2023 verlängert.",1
Entwicklung des Anlagevermögens vom 1. Januar bis zum 31. Dezember 2021,1
"Bedingt durch den Einfluss der Coronakrise und die Lieferengpässe in den Märkten sowie
            den Ukraine-Krieg ist auch im Geschäftsjahr 2022 durch das weiterhin verzögerte Investitionsverhalten
            der Kunden nur ein mittleres Marktwachstum zu erwarten. Es steht zu erwarten, dass
            diese Ereignisse unter anderem aufgrund von fehlenden Komponenten und rasant ansteigenden
            Preisen für Rohstoffe einen weiterhin erheblichen Einfluss auf die Vermögens-, Finanz-
            und Ertragslage des Unternehmens haben werden.",1
"Die Bilanzverhältnisse und -veränderungen zur Vorjahresperiode sind den nachfolgenden
            Darstellungen zu entnehmen:",1
"Der Jahresabschluss wurde mit Gesellschafterbeschluss vom 2. Mai 2022 festgestellt.
            Der aus dem Geschäftsjahr 2021 resultierende Gewinn nach Steuern in Höhe von 46.491,37
            EUR wird auf neue Rechnung vorgetragen.",1
Wesentliche Vorgänge nach dem Bilanzstichtag haben sich nicht ergeben.,1
Auf die Angabe der Gesamtbezüge der Geschäftsführung wird gemäß § 286 Abs. 4 HGB verzichtet.,1
"Die Feststellung des Jahresabschlusses zum 31. Dezember 2021 erfolgte in der Gesellschafterversammlung
            am 04.05.2022.",1
"Die ebu Umformtechnik GmbH ist eine 100 %ige Tochter der Jiangsu Xuzhou Metalforming
            Machine Group Co., LTD mit Sitz in Second Industrial Park Hi-Tech Industrial Developm.
            Zone VCR-Xushou City, Jiangsu Prov., 2211. Diese Gesellschaft ist eine 100 %ige Tochter
            der Jiangsu Furen Group mit Sitz in Easter Outer Ring Road, Jiangyin Shi, Wuxi Shi,
            Jiangsu Sheng in China.",1
E. Ergebnisverwendungsvorschlag,1
"Fremdwährungsposten werden zum Devisenkassamittelkurs zum Zeitpunkt der Zugangsbewertung
            umgerechnet. Die Folgebewertung der Vermögensgegenstände und Schulden in fremder Währung
            mit einer Restlaufzeit größer als ein Jahr erfolgt zum Abschlussstichtag unter Beachtung
            des Imparitätsprinzips, wonach Kursverluste aufwandswirksam und Kursgewinne nicht
            berücksichtigt werden.",1
"Die sonstigen Rückstellungen erfassen alle erkennbaren Risiken und ungewisse Verbindlichkeiten
            und sind mit dem Erfüllungsbetrag bewertet, der nach vernünftiger kaufmännischer Beurteilung
            notwendig ist. Rückstellungen mit einer Restlaufzeit von mehr als einem Jahr werden
            - soweit vorhanden - mit dem ihrer Restlaufzeit entsprechenden durchschnittlichen
            Marktzinssatz der vergangenen sieben Geschäftsjahre abgezinst (§ 253 Abs. 2 Satz 1
            HGB). Bei der Ermittlung von Gewährleistungsrückstellungen wurden Erfahrungswerte
            der Branche berücksichtigt.",1
Beilage 1 zum Anhang: Entwicklung des Anlagevermögens (Anlagenspiegel) zum 31.12.2021,1
"Es bestehen Anteile an der TRITEC INTERNATIONAL S.R.L. mit Sitz in Rumänien i.H.v.
            44,83 %. Zum 31. Dezember 2020 betrug das Eigenkapital TEUR 691 und der Jahresüberschuss
            TEUR 83. Der Jahresabschluss zum 31. Dezember 2021 liegt noch nicht vor. Außerdem
            bestehen seit 01. März 2016 Anteile an Qesar GmbH Pool für Industrielle Kooperation
            mit Sitz in Bensheim i.H.v. 5,00 %. In 2021 erfolgte ein Anteilskauf von 2 %. Zum
            31. Dezember 2020 betrug das Eigenkapital TEUR 25 und der Jahresüberschuss TEUR 725.
            Der Jahresabschluss zum 31. Dezember 2021 liegt noch nicht vor.",1
"Alleinige persönlich haftende Gesellschafterin war in 2021 und ist bis heute unverändert
            die BTG Verwaltungsgesellschaft mbH mit Sitz in Donzdorf (eingetragen im Handelsregister
            beim Amtsgericht Ulm unter HRB 540839). Sie leistet keine Kapitaleinlage und ist am
            Vermögen und Ergebnis der Berichtsgesellschaft nicht beteiligt.",1
2. Derivative Finanzinstrumente,1
5. Mutterunternehmen der Kapitalgesellschaft,1
"Am 9. Dezember 2022 ist mit der Tipper Tie Technopack GmbH (Amtsgericht Lübeck, HRB
            2437 RE) als beherrschendem Unternehmen ein Ergebnisabführungsvertrag geschlossen
            worden, welchem die Gesellschafterversammlung mit gleichem Datum zugestimmt hat. Die
            Eintragung des Ergebnisabführungsvertrags erfolgte am 22. Dezember 2022 beim Amtsgericht
            Gütersloh (HRB 12878).",1
Jahresabschluss für das Geschäftsjahr vom 1. Januar 2021 bis 31. Dezember 2021,1
"Durch die noch anhaltende Corona-Pandemie und durch die Auswirkungen des kriegerischen
            Russland-Ukraine Konflikts auf die Rohstoff- und Energiepreise ist die Gießereibranche
            als energieintensiver Industriezweig stark betroffen. Die DIHAG-Gruppe konnte sich
            dieser Entwicklung ebenfalls nicht entziehen. Allerdings hat sich im Hinblick auf
            die zum 31. Dezember 2021 bilanzierten Vermögenswerte in 2022 kein erhöhter Wertberichtigungsbedarf
            ergeben. Zu weiteren Details verweisen wir auf die diesbezüglichen Ausführungen im
            Lagebericht, die dort im Risikobericht dargestellt sind.",1
"Die CEDS Beteiligungs GmbH mit Sitz in Salzbergen stellt freiwillig den Konzernabschluss
            für den größten und kleinsten Konsolidierungskreis, in den der Einzelabschluss der
            CEDS DURADRIVE GmbH einbezogen wird, auf. Der Konzernabschluss wird nicht veröffentlicht.",1
Außerbilanzielle Geschäfte,1
Gesellschaftsorgane,1
Entwicklung des Anlagevermögens des Geschäftsjahres 2021,1
Die Abschreibungen auf den Altbestand erfolgen nach Vorjahresgrundsätzen.,1
"Entgeltlich von Dritten erworbene immaterielle Vermögensgegenstände des Anlagevermögens
            werden zu Anschaffungskosten aktiviert und über den Zeitraum der Nutzung planmäßig
            abgeschrieben.",1
"Erworbene immaterielle Anlagewerte wurden zu Anschaffungskosten angesetzt und, sofern
            sie der Abnutzung unterlagen, um planmäßige Abschreibungen vermindert. Das Aktivierungswahlrecht
            für selbst geschaffene immaterielle Vermögensgegenstände des Anlagevermögens gem.
            § 248 Abs. 2 HGB wird in Anspruch genommen. Sie werden gem. § 255 Abs. 2a HGB mit
            den bei deren Entwicklung anfallenden Herstellungskosten bewertet. Die Eigenschaft
            als aktivierungsfähiger Vermögensgegenstand konkretisieren wir für unsere Entwicklungsprojekte
            anhand jeweils individuell bestimmter Ziele im Rahmen einer detaillierten Gesamtplanung.
            Die Erreichung der Zielvorgaben wird durch unser Projektcontrolling laufend überwacht.
            Die immateriellen Vermögensgegenstände wurden linear abgeschrieben (bei einer betriebsgewöhnlichen
            Nutzungsdauer zwischen drei und zehn Jahren). Dabei wird die Nutzungsdauer des jeweiligen
            immateriellen Vermögensgegenstandes nach dessen Produktlebenszyklus oder dessen erwarteten
            Synergieeffekten angesetzt, soweit diese verlässlich geschätzt werden können. Das
            Sachanlagevermögen wurde zu Anschaffungs- bzw. Herstellungskosten angesetzt und, soweit
            abnutzbar, um planmäßige Abschreibungen vermindert (§§ 253, 255 Abs. 1 HGB). Die Gegenstände
            des Sachanlagevermögens werden entsprechend der wirtschaftlichen Nutzungsdauer wie
            folgt abgeschrieben:",1
"Die Geschäftsjahresabschreibung je Posten der Bilanz sowie die kumulierten Abschreibungen
            zum Beginn und zum Ende des Geschäftsjahres sind aus dem Anlagenspiegel zu entnehmen.",1
"Entwicklung des Anlagevermögens für das Geschäftsjahr vom 1. April 2021 bis 31. März
            2022",1
"Abhängig von der weiteren Eskalation können sich die Rahmenbedingungen kurzfristig
            stark verändern und sind somit schwer kalkulierbar.",1
Ukraine - Krieg,1
1. Entwicklung des Anlagevermögens,1
"Der Betrag der sonstigen Vermögensgegenstände mit einer Restlaufzeit
            größer einem Jahr beträgt EUR 19.551,85 (Vorjahr: EUR 0,00).",1
"Die Verbindlichkeiten gegenüber Kreditinstituten sind in Höhe von
            EUR 1.624.961,00 (Vorjahr: EUR 2.347.189,00) durch Sicherungsübereignung
            von Betriebsvorrichtungen besichert.",1
"Auch nach Abschluss des Geschäftsjahres 2021 bestehen weiterhin wirtschaftliche Unwägbarkeiten
            hinsichtlich der anhaltenden coronabedingten Auswirkungen sowie des Kriegs in der
            Ukraine die zum Zeitpunkt der Erstellung des Abschlusses nicht vollumfänglich erfasst
            und bewertet werden können. Sonstige Vorgänge von besonderer Bedeutung sind nach Abschluss
            des Geschäftsjahres 2021 nicht eingetreten.",1
"Einschließlich des zu berücksichtigenden Gewinnvortrags ergibt sich ein Betrag von
            6.080.264,24 EUR, der zu verwenden ist.",1
"Die Entwicklung des Anlagevermögens ergibt sich aus dem nachfolgenden
         
          Anlagenspiegel
         
         gemäß § 268 Abs. 2 HGB.",1
"Die
         
          Verbindlichkeiten
         
         sind mit ihrem Erfüllungsbetrag angesetzt.",1
"Die
         
          Rückstellungen für Pensionen
         
         wurden auf der Grundlage versicherungsmathematischer Berechnungen unter Berücksichtigung
            der Richttafeln 2018 G von Prof. Dr. Klaus Heubeck ermittelt. Als Bewertungsmethode
            wurde das Barwertverfahren angewandt. Bei der Bewertung wurde von einem Rententrend
            von 0 % und von einem 10-Jahres-Durchschnittszins von 1,9 % (Vorjahr 2,41 %) ausgegangen.
            Der Unterschiedsbetrag nach § 253 Abs. 6 S. 1 HGB zum 31.12.2021 beträgt EUR 7.654,00.",1
"Aktuell befindet sich die SAMAG in einer weiteren Welle der Corona-Pandemie und analysiert
            die Auswirkungen des Ukraine Krieges auf die benötigten Lieferketten. Die Auswirkungen
            hieraus sind aktuell nicht abschließend zu verifizieren. Allerdings ist aktuell zu
            konstatieren, dass sich die avisierte Marktdurchdringung verzögert und sich generell
            eine Erhöhung der Einstandskosten abzeichnet.",1
"Entwicklung des Anlagevermögens für das Geschäftsjahr vom 1. Januar 2021 bis 31. Dezember
            2021",1
"Die Geschäftsführung schlägt vor, den Jahresüberschuss in Höhe von EUR 634.790,39
            zusammen mit dem Gewinnvortrag aus dem Vorjahr in Höhe von EUR 3.091.106,30 auf neue
            Rechnung vorzutragen.",1
"Mit notarieller Urkunde TS 144/2021 des Notars Dr. Thorsten Seidel vom 24. Juni 2021
            verkaufte Herr Christian Dunkel seine gesamten Geschäftsanteile an der Christian Dunkel
            GmbH an die Bakx&Strecker ImmobilienGmbH, Segewaldweg 78, 12557 Berlin.",1
"FWE - Formen- und Werkzeugbau Eslarn GmbH, Eslarn",1
Unterschrift der Geschäftsführung,1
"Einschließlich des zu berücksichtigenden Gewinnvortrags in Höhe von EUR 892.730,27
            ergibt sich ein Betrag von EUR 915.329,42, der zu verwenden ist. Auf neue Rechnung
            werden EUR 915.329,42 vorgetragen.",1
Auf die Angabe gemäß § 285 Nr. 11 HGB wird gem. § 286 Abs. 3 S. 2 HGB verzichtet.,1
"Bernhard Verlage, staatlich geprüfter Techniker Maschinenbau, Hörstel",1
"Helmut Hüttenbrauck, Leitung Einkauf / Verkauf",1
"Vorgänge von besonderer Bedeutung nach Schluss des Geschäftsjahres
         
         sind nicht eingetreten.",1
Buchwerte:,1
"Die Gesellschaft hat zum 31. Dezember 2019 sonstige finanzielle Verpflichtungen für
            Miete, Erbbauzins und Leasing in Höhe von TEUR 186.",1
(17) Eventualverbindlichkeiten,1
(16) Zinsen und ähnliche Aufwendungen,1
"Die Folgebewertung des abnutzbaren Sachanlagevermögens ergibt sich aus Anschaffungs-
            bzw. Herstellungskosten abzüglich planmäßiger Abschreibungen. Im Jahr des Zugangs
            erfolgt eine zeitanteilige Ermittlung der Abschreibung. Die Abschreibungen erfolgen
            linear entsprechend der voraussichtlichen Nutzungsdauer. Die Nutzungsdauern pro Anlageklasse
            gliedern sich wie folgt:",1
"Die Entwicklung des Anlagevermögen nach den einzelnen Bilanzpositionen ist im Anlagenspiegel
            auf der nachfolgenden Seite des Anhangs dargestellt.",1
"Die
         
          erhaltenen Anzahlungen
         
         sind um die darin enthaltene Umsatzsteuer vermindert (Nettomethode).",1
"Bei den Rückstellungen für Altersversorgungsverpflichtungen ergibt sich zwischen dem
            Ansatz nach dem durchschnittlichen Marktzinssatz aus den vergangenen zehn Geschäftsjahren
            und dem Ansatz nach dem durchschnittlichen Marktzinssatz aus den vergangenen sieben
            Geschäftsjahren ein Unterschiedsbetrag im lfd. Geschäftsjahr in Höhe von
         
          TEUR 95,3
         
         (Vorjahr
         
          TEUR 121,7
         
         ) welcher nach § 253 Abs. HGB ausschüttungsgesperrt ist.",1
"der Firma Scheuermann + Heilig GmbH, 74722 Buchen-Hainstadt",1
"Die wirtschaftlichen Auswirkungen sind gravierend und bestehen
            zum Beispiel in der Beschädigung globaler Lieferketten für Rohmaterial
            und Zulieferteile, Verwerfungen auf den Rohstoffmärkten mit Preiserhöhungen
            bisher nicht gekannten Ausmaßes sowie der vorübergehenden Beendigung
            der Geschäfts- und Handelsbeziehungen mit russischen Unternehmen.",1
"Der Betrag der Forderungen mit einer Restlaufzeit größer einem
            Jahr beträgt € 328.954,28 (Vorjahr € 584.292,73).",1
"Flüssige Mittelwerden zu Nominalwerten angesetzt. Diesonstigen
            Rückstellungenwurden für alle weiteren ungewissen Verbindlichkeiten
            gebildet. Dabei wurden alle erkennbaren Risiken berücksichtigt.",1
Entwicklung des Anlagevermögens (Bruttoanlagespiegel),1
II. Bilanzerläuterungen,1
"Rückstellungen für Pensionen und ähnliche Verpflichtungen werden auf der Grundlage
            versicherungsmathematischer Berechnungen nach dem modifizierten Teil- bzw. Barwertverfahren
            unter Berücksichtigung der Richttafeln 2018G von Prof. Dr. Heubeck bewertet. Dabei
            wird der Rechnungszins von Gesetzgeber im BilMoG vorgegeben und von der Deutschen
            Bundesbank regelmäßig veröffentlicht. Dieser betrug zum 31.12.2021 1,87 % p.a. (Vorjahr
            2,30 %). Da es sich um die Zusage von Festbeträgen handelt, braucht keine Erhöhung
            der Zusagen bis zum Pensionsalter angesetzt werden. Aufgrund von Erfahrungswerten
            wurde keine Fluktuation berücksichtigt.",1
Entwicklung des Anlagevermögens (erweiterte Bruttodarstellung),1
"Der Wert wurde nach der PUC-Methode mit einem versicherungsmathematischen Rechnungszins
            von 1,87 % ermittelt. Eine zukünftige Anpassung der laufenden Renten ist nach § 16
            BetrAVG mit 2,00% jährlich vorgesehen. Rentenfähige Einkommen werden mit einer jährlichen
            Steigerung von 1,50% berücksichtigt.",1
"Die von der Gesellschaft gewährte Pensionszusage ist ungedeckt und wird allein aus
            Gesellschaftsmitteln dotiert. Der versicherungsmathematische Rechnungszins beträgt
            1,87 %. Eine zukünftige Anpassung der laufenden Renten ist nicht vorgesehen. Es besteht
            noch eine laufende Rente, Anwartschaften bestehen keine. Der handelsrechtliche Erfüllungsbetrag
            ist in der Bilanz als Pensionsrückstellung ausgewiesen.",1
Entwicklung des Anlagevermögens für das Geschäftsjahr vom 01.04.2021 bis 31.03.2022,1
"Muttergesellschaft der deutschen Accuron Technologies Gruppe ist die Accuron Technologies
            Ltd., Singapur. Deren Konzernabschluss wird seinerseits in den Konzernabschluss der
            Temasek Holdings (Private) Limited, Singapur, als oberste Konzernspitze einbezogen,
            welcher auf der Internetseite der Temasek Holdings (Private) Limited abrufbar ist.",1
Angabe zum Konzernabschluss gem. § 285 Nr. 14 HGB,1
"Für das Jahr 2022 erwarten wir gegenüber dem Vorjahr eine leichte Steigerung sowohl
            der europäischen als auch der weltweiten Maschinenbauproduktion.",1
C. Anlagenspiegel,1
"Als Vorgänge von besonderer Bedeutung nach dem Ende des Geschäftsjahres 2021 ist hier
            die durch das Corona-Virus ausgelöste und andauernde Krise zu nennen. Hinzu kommt
            die durch den Krieg in der Ukraine ausgelöste Energiekrise, die zu nicht zu kalkulierenden
            Energiekosten führt. In der Folge wurde eine hohe Inflation ausgelöst, die die bereits
            bestehenden Beeinträchtigungen der Weltwirtschaft noch verstärkt und neue hervor ruft.
            Zum jetzigen Zeitpunkt zeichnen sich keine negativen Folgen für das Unternehmen im
            Geschäftsjahr 2022 ab. Bezüglich der Folgejahre verweisen wir auf unsere Ausführungen
            im Lagebericht unter Abschnitt C. Risiko- und Prognosebericht.",1
6. Gesamthonorar des Abschlussprüfers,1
"Das Mutterunternehmen der Karl Klink GmbH, Niefern-Öschelbronn, das den Konzernabschluss
            für den kleinsten und größten Kreis von Unternehmen aufstellt, ist die Klink Holding
            GmbH & Co. KG, Niefern-Öschelbronn. Der Konzernabschluss der Klink Holding GmbH &
            Co. KG, Niefern-Öschelbronn, ist zur Offenlegung im Bundesanzeiger vorgesehen.",1
"Friedrich Faulhaber, Geschäftsführer, Wellendingen",1
"Die Geschäftsführung und Vertretung obliegt der GUK Verwaltungs
            GmbH, Wellendingen vertreten durch ihre Geschäftsführer",1
"Das
         
          Sachanlagevermögen
         
         ist zu Anschaffungskosten angesetzt
            und wird, soweit abnutzbar, nach Maßgabe der voraussichtlichen Nutzungsdauer
            um planmäßige Abschreibungen vermindert. Die Abschreibungen erfolgen
            nach der linearen Methode. Die Abschreibungen auf Zugänge des Sachanlagevermögens
            erfolgen zeitanteilig. Die angesetzte Nutzungsdauer beträgt dabei",1
"Entwicklung
            des Anlagevermögens für das Rumpfgeschäftsjahr vom 1. Juli bis 31.
            Dezember 2015",1
"Die FRIGOBLOCK Grosskopf GmbH gehört als Tochterunternehmen der
            Ingersoll-Rand GmbH zum Ingersoll Rand Konzern. Die Ingersoll-Rand
            GmbH stellt einen Konzernabschluss für den kleinsten Kreis von Unternehmen
            auf, in den die FRIGOBLOCK Grosskopf GmbH einbezogen wird. Der Konzernabschluss
            ist am Sitz der Ingersoll-Rand GmbH, Oberhausen, sowie im elektronischen
            Bundesanzeiger unter der Registernummer HRB 20566 erhältlich.",1
"Der Jahresabschluss zum 31. Dezember 2020 wurde im Rahmen der Gesellschafterversammlung
            am 1. März 2021 festgestellt.",1
Entwicklung des Anlagevermögens im Geschäftsjahr 01. Januar bis 31. Dezember 2021,1
"Im Geschäftsjahr erfolgte die Geschäftsführung durch den Geschäftsführer der RG Verwaltungs-GmbH,
            Dinslaken:",1
"Zu den Vorgängen mit besonderer Bedeutung, zählt die weiter zunehmende Ausbreitung
            des SARS-CoV-2 Virus im Jahr 2021. Die damit verbundene Pandemie hat die Weltwirtschaft
            stark belastet und hat negative Auswirkungen auf die gesamtwirtschaftliche Entwicklung.
            Für weitere Ausführungen verweisen wir auf den Lagebericht der Gesellschaft.",1
Entwicklung des Anlagevermögens:,1
"Im Januar 2023 wurde eine Sale & Lease back Transaktion mit einem Volumen von TEUR
            1.285 über 6 Maschinen vorgenommen.",1
"Zum 31. Dezember 2021 beliefen sich die von der Gesellschaft an Mitglieder der Geschäftsführung
            gewährten Darlehen auf TEUR 34 (Vorjahr: TEUR 27). Diese werden mit 0,0 % verzinst
            und haben eine unbestimmte Laufzeit. Im Geschäftsjahr 2021 wurden hiervon insgesamt
            TEUR 0 (Vorjahr: TEUR 0) zurückgezahlt.",1
"Zum alleinigen Geschäftsführer ist Herr Michael Zeck, Diplom-Ingenieur, Bamberg, bestellt.",1
3.,1
"Zum Geschäftsführer der persönlich haftenden Gesellschafterin ist bestellt Herr Ulrich
            Fessmann, Alleingeschäftsführer, Winnenden.",1
"Entwicklung des Anlagevermögens für das Geschäftsjahr vom 1. September 2021 bis 31.
            August 2022",1
4. Nachtragsbericht,1
"Sonstige finanzielle Verpflichtungen, die nicht in der Bilanz auszuweisen sind und
            auch keine Haftungsverhältnisse i. S. von § 251 HGB sind, die für die Beurteilung
            der Lage des Unternehmens von Bedeutung sind, bestanden am Abschlussstichtag aus:",1
"Die Aufgliederung und Entwicklung der Anlagenwerte sowie die Geschäftsjahresabschreibung
            ist dem Anlagenspiegel zu entnehmen.",1
Anlagespiegel für das Geschäftsjahr 2021,1
IV. Erläuterungen zur Gewinn- und Verlustrechnung,1
"Das von der Agentur für Arbeit im Berichtsjahr erstattete Kurzarbeitergeld wurde als
            durchlaufender Posten behandelt und über die Lohnabrechnung an die Arbeitnehmer ausbezahlt.
            Die Erstattungen der Sozialversicherungsbeiträge wurden im Personalaufwand verrechnet.",1
"Abnutzbare Gegenstände werden planmäßig abgeschrieben. Dabei kommt
            die lineare Abschreibungsmethode zur Anwendung. Die Nutzungsdauern
            betragen:",1
"Wir erörtern mit den für die Überwachung Verantwortlichen unter
            anderem den geplanten Umfang und die Zeitplanung der Prüfung sowie
            bedeutsame Prüfungsfeststellungen, einschließlich etwaiger Mängel
            im internen Kontrollsystem, die wir während unserer Prüfung feststellen.",1
"beurteilen wir die Gesamtdarstellung, den Aufbau und den Inhalt
            des Jahresabschlusses einschließlich der Angaben sowie ob der Jahresabschluss
            die zugrunde liegenden Geschäftsvorfälle und Ereignisse so darstellt,
            dass der Jahresabschluss unter Beachtung der deutschen Grundsätze
            ordnungsmäßiger Buchführung ein den tatsächlichen Verhältnissen entsprechendes
            Bild der Vermögens-, Finanz- und Ertragslage der Gesellschaft vermittelt.",1
"gewinnen wir ein Verständnis von dem für die Prüfung des Jahresabschlusses
            relevanten internen Kontrollsystem und den für die Prüfung des Lageberichts
            relevanten Vorkehrungen und Maßnahmen, um Prüfungshandlungen zu planen,
            die unter den gegebenen Umständen angemessen sind, jedoch nicht mit
            dem Ziel, ein Prüfungsurteil zur Wirksamkeit dieser Systeme der Gesellschaft
            abzugeben.",1
"Hinreichende Sicherheit ist ein hohes Maß an Sicherheit, aber keine
            Garantie dafür, dass eine in Übereinstimmung mit § 317 HGB unter Beachtung
            der vom Institut der Wirtschaftsprüfer (IDW) festgestellten deutschen
            Grundsätze ordnungsmäßiger Abschlussprüfung durchgeführte Prüfung
            eine wesentliche falsche Darstellung stets aufdeckt. Falsche Darstellungen
            können aus Verstößen oder Unrichtigkeiten resultieren und werden als
            wesentlich angesehen, wenn vernünftigerweise erwartet werden könnte,
            dass sie einzeln oder insgesamt die auf der Grundlage dieses Jahresabschlusses
            und Lageberichts getroffenen wirtschaftlichen Entscheidungen von Adressaten
            beeinflussen.",1
1. Das Anlagevermögen entwickelte sich im Berichtsjahr wie folgt:,1
Die Verbindlichkeiten sind mit den jeweiligen Erfüllungsbeträgen passiviert worden.,1
Die Posten des Eigenkapitals sind zum Nennwert angesetzt.,1
(23) Nachtragsbericht,1
"Herr Jürgen Breuning, Geschäftsführer",1
"Zum 01.01.2018 wurde Herr Dipl. Ing. Johannes Klöcker zum weiteren, gemeinschaftlich
            vertretungsberechtigen Geschäftsführer der Gesellschaft bestellt.",1
"Herr Michael Böhnke, Dipl.-Wirtschaftsjurist (FH), Dipl.-Betriebswirt (FH), Ratingen",1
"Die Corona-Krise ist zum Zeitpunkt der Bilanzaufstellung noch nicht überwunden. Ebenso
            ist der bewaffnete Konflikt in der Ukraine erst nach dem Bilanzstichtag ausgebrochen.
            Auswirkungen der weiteren Entwicklung auf das Unternehmen durch diese beiden Krisen
            können nicht verlässlich eingeschätzt werden. Im Lagebericht werden hierzu weitere
            Angaben zu den Auswirkungen gemacht, sodass auf diesen verwiesen wird.",1
Den Abschreibungen liegen folgende Prozentsätze und Abschreibungsarten zugrunde:,1
5. Ereignisse nach dem Abschlussstichtag,1
"Mutterunternehmen der Wickeder Westfalenstahl GmbH ist die Wickeder Holding GmbH,
            Wickede (Ruhr), die einen befreienden Konzernabschluss und Konzernlagebericht gemäß
            § 291 HGB aufstellt, welche im elektronischen Bundesanzeiger veröffentlicht werden.
            Die Wickeder Holding GmbH stellt zugleich den Konzernabschluss für den größten und
            den kleinsten Kreis von Unternehmen auf.",1
"Aufgrund der durch das Bilanzrechtsmodernisierungsgesetz geänderten Bewertung der
            laufenden Pensionen und der Anwartschaften auf Pensionen ist eine Zuführung zu der
            Pensionsrückstellung erforderlich. Diese Zuführung kann über 15 Jahre verteilt werden.
            Der zum Bilanzstichtag noch nicht zugeführte Teil beträgt T€ 445 (Vj. T€ 594). Der
            Differenzbetrag gemäß § 253 Abs. 6 HGB, der sich aus der Anwendung eines Rechnungszinses
            auf Basis eines 10-Jahres-Durchschnittes (1,87%) statt des vorherigen 7-Jahres Schnittes
            (1,35%) ergibt, beträgt zum Bilanzstichtag T€ 1.862.",1
Eigenkapital,1
"Persönlich haftende Gesellschafterin ist die AGS Maschinenfabrik GmbH, Eschwege (Amtsgericht
            Eschwege HRB 1066) mit einem Stammkapital von 25.564,59 €.",1
"Trotz der weltweiten Lage der Corona Pandemie in 2021/2022 sind die wirtschaftlichen
            Auswirkungen für die Firma SAHM zu handhaben. Insgesamt hat SAHM immer noch einen
            guten Auftragsvorlauf.",1
"Aus dem Abschluss von Leasing- und Mietverträgen ergeben sich zum Bilanzstichtag sonstige
            finanzielle Verpflichtungen mit einem Volumen von 407 T€ in 2022 und einem Gesamtumfang
            von 556 T€. Es besteht ein Bestellobligo in Höhe von 24.486 T€.",1
"Das von dem Abschlussprüfer für das Geschäftsjahr berechnete Gesamthonorar beträgt
            54 T€ und entfällt mit 36 T€ auf Abschlussprüfungsleistungen und mit 18 T€ auf Steuerberatungsleistungen.",1
"Nach dem Bilanzstichtag sind keine Ereignisse von besonderer Bedeutung eingetreten,
            von denen ein wesentlicher Einfluss auf die Ertrags,- Finanz,- und Vermögenslage zu
            erwarten ist.",1
5. Angabe von Name und Sitz des Mutterunternehmens,1
"Die Vermögensgegenstände werden entsprechend der voraussichtlichen Nutzungsdauer linear
            abgeschrieben. Dabei werden folgende Nutzungsdauern angewandt:",1
g) Ereignisse nach dem Bilanzstichtag,1
Der Aufsichtsrat hat für das Geschäftsjahr 2021 keine Bezüge erhalten.,1
"Geringwertige Wirtschaftsgüter des Anlagevermögens mit Anschaffungs- oder Herstellungskosten
            von über 250 € bis zu 800 € werden analog § 6 Abs. 2 EStG im Zugangsjahr voll abgeschrieben
            und als Abgang dargestellt.",1
"(**)
         
         = kumulierte Abgänge (inkl. Umbuchungen und Zuschreibungen) je Posten",1
Der Jahresabschluss ist am 30. März 2022 festgestellt worden.,1
Die Gesellschaft macht von der Erleichterung gemäß § 286 Abs. 4 HGB Gebrauch.,1
Der Jahresabschluss wurde am 12. August 2022 festgestellt.,1
"Die Geschäftsführung schlägt der Gesellschafterversammlung vor, den Jahresüberschuss
            des Geschäftsjahres 2021 zusammen mit dem Gewinnvortrag zum 31. Dezember 2021 auf
            neue Rechnung vorzutragen.",1
"Lieferungs- und Leistungsbeziehungen nach Russland oder Ukraine bestehen zwar nicht,
            so dass derzeit auch keine unmittelbaren Auswirkungen auf unsere Vermögenslage, z.B.
            Ausfall von Forderungen, Währungsrisiken, erkennbar sind.",1
"Geschäftsführer der persönlich haftenden Gesellschafterin sind Frau Sabine Seidenspinner,
            Kauffrau, Bietigheim-Bissingen und Herr Jan Stefan Metzner, Rechtsanwalt, Stuttgart.",1
"Das Gesamthonorar für unsere Wirtschaftsprüfungsgesellschaft beträgt für das Rumpf-Geschäftsjahr
            EUR 65.000. Davon sind EUR 43.000 für Abschlussprüfungsleistungen, EUR 12.000 für
            Steuerberatungsleistungen sowie EUR 10.000 für sonstige Leistungen.",1
"Eine Darstellung etwaiger finanzieller Folgen der Corona-Pandemie ist zum jetzigen
            Zeitpunkt nicht einschätzbar. Prognosen hinsichtlich der voraussichtlichen Auswirkungen
            auf die Entwicklung des Unternehmens durch den Coronavirus werden entsprechend im
            Lagebericht aufgezeigt.",1
"Die kumulierten Abschreibungen betrugen am Ende des Geschäftsjahres: 4.285.075,49
            Euro",1
"Die sonstigen Rückstellungen wurden für alle weiteren ungewissen Verbindlichkeiten
            gebildet. Dabei wurden alle erkennbaren Risiken berücksichtigt.",1
Brutto-Anlagengitter,1
6. Ereignisse nach Stichtag,1
"Persönlich haftende Gesellschafterin ohne Kapitaleinlage der Heck & Becker GmbH &
            Co. KG ist die Becker GmbH mit Sitz in Dautphetal.",1
Entwicklung des Anlagevermögens im Geschäftsjahr 2005,1
"Zum alleinigen Geschäftsführer war im Berichtsjahr Herr Peter W.
            Lenzen jr. bestellt. Auf die Angabe der Gesamtbezüge des Geschäftsführers
            wird zulässigerweise verzichtet.",1
"Vom Gesamtvolumen entfallen TUSD 580 auf ein Maschinenprojekt,
            das in 2006 abgewickelt wird. Da den fälligen Zahlungsströmen daraus
            entsprechende Zahlungseingänge des Kunden entgegenstehen, handelt
            es sich hierbei um eine geschlossene Position. Aus diesem Grund ist
            trotz der bestehenden Wechselkurssituation keine Rückstellung für
            drohende Verluste gebildet worden.",1
"1) Die Entwicklung der einzelnen Posten des Anlagevermögens ist dem nachfolgend dargestellten
            Anlagespiegel (§ 284 Abs. 3 HGB) zu entnehmen. Ebenso ergeben sich hieraus die Abschreibungen
            des laufenden Geschäftsjahrs.",1
"• Umgliederung von bisher unter den aktiven Rechnungsabgrenzungsposten ausgewiesenen
            Umsatzsteuerforderungen in Höhe von EUR 200.000 auf die sonstigen Vermögensgegenstände",1
"17) Gegenüber dem Vorjahr haben sich keine Änderungen in den Bilanzierungs- oder Bewertungsmethoden
            ergeben.",1
Hinweis nach § 328 Abs. 1a HGB,1
Zusätzlicher Hinweis zur Offenlegung,1
"Die Gesellschaft wurde mit Wirkung zum 01.04.2021 gegründet. Der Anteil der Geschäftsanteile
            der T€T22°N AG beträ9t 100 DaS E'9enkaP'tal betrug am 31.12.2021 T€40, der Jahresfehlbetrag
            betrug",1
Anlagennachweis 31.12.2021,1
Die Bewertung der Verbindlichkeiten erfolgt zum Erfüllungsbetrag.,1
"Forderungen und sonstige Vermögensgegenstände mit einer Restlaufzeit von über einem
            Jahr bestanden keine.",1
"Entwicklung des Anlagevermögens der Hassia Verpackungsmaschinen GmbH, Ranstadt, im
            Geschäftsjahr 2021",1
"Der Angriff der Russischen Föderation auf das Nachbarland Ukraine im Februar 2022
            hat zu einer völligen Neueinschätzung der Beziehungen auf politischer, wirtschaftlicher
            und kultureller Ebene geführt. Wie sich die Auswirkungen des Krieges in der Ukraine
            und die in der Folge verhängten weitreichenden Sanktionen gegen die Russische Föderation
            auf Wirtschaft und Märkte insgesamt auswirken werden, lässt sich zum gegenwärtigen
            Zeitpunkt nicht verlässlich beurteilen. Die Märkte in den beiden Ländern haben einen
            geringen Einfluss auf das Geschäft der Hassia. Wir verweisen auf die entsprechenden
            Ausführungen im Lagebericht.",1
Der Jahresüberschuss in Höhe von TEUR 3.783 wird auf neue Rechnung vorgetragen.,1
"Die Frachtkosten sind durch die veränderte geopolitische Situation zeitweise stark
            angestiegen, wovon die Synventive Molding Solutions GmbH unmittelbar betroffen ist.
            Weiterhin ist die Gesellschaft als Unternehmen des produzierenden Gewerbes von Preissteigerungen
            bei Rohstoffen, insbesondere Stahl, sowie bei Dienstleistungen betroffen.",1
Verlustübernahme,1
"Die Geschäftsführer sind einzelvertretungsberechtigt und von den Beschränkungen des
            § 181 BGB befreit. Keiner der Geschäftsführer hat im Geschäftsjahr Bezüge von der
            Gesellschaft erhalten.",1
"Anhaltende Einschränkungen aufgrund des Ukraine-Konflikts können negative Auswirkungen
            auf den Geschäftsverlauf 2022/2023 unserer Gesellschaft haben. Wir verweisen diesbezüglich
            auf die Ausführungen im Lagebericht in den Kapiteln „Ausblick/Chancen“ und „Risiken
            der künftigen Entwicklung“.",1
4. Zinsen und ähnliche Aufwendungen,1
"f) Die Geschäftsführung schlägt der Gesellschafterversammlung vor, den Jahresüberschuss
            in Höhe von EUR 846.666,81 in die Rücklagen einzustellen.",1
"c) Im Geschäftsjahr 2021 betrugen die Bezüge an frühere Geschäftsführer EUR 75.049,56.
            Der Gesamtbetrag der passivierten Pensionsrückstellungen für diese Geschäftsführer
            beträgt in der Komplementärgesellschaft EUR 863.749,00.",1
"a) Im Jahresdurchschnitt 2021 wurden 104 Mitarbeiter (ohne Geschäftsführer) beschäftigt, davon 29 Angestellte und 75 gewerbliche
            Arbeitnehmer.",1
"Anlagenspiegel
            zum 31.12.2013",1
"Der Jahresüberschuss in Höhe von 2.056.044,37 wird den Gesellschafterkonten
            entsprechend dem vertraglichen Gewinnverteilungsschlüssel gutgeschrieben.",1
"Mutterunternehmen der TBT Tiefbohrtechnik GmbH + Co, Dettingen/Erms,
            ist die Nagel Holding GmbH & Co KG, Nürtingen.",1
"Yvan Haberkorn, Vertriebsleiter",1
"Das
         
          Anlagevermögen
         
         hat sich im Geschäftsjahr 2021 im Einzelnen wie folgt entwickelt:",1
Verbindlichkeiten,1
Verbindlichkeiten sind mit dem Rückzahlungbetrag angesetzt.,1
Entwicklung des Anlagevermögens im Geschäftsjahr vom 01. April 2021 bis 31. März 2022,1
"Die Gesellschafter der OPS-INGERSOLL haben vereinbart, das bestehende Gesellschafterdarlehen
            im Volumen von TD€ 4.000 bis zum 30.09.2028 zu verlängern. Außerdem sehen die neuen
            Verträge einen qualifizierten Rangrücktritt vor. Das Darlehen wird weiterhin ohne
            Sicherheiten gewährt. Die Unterzeichnung der Verträge erfolgte Anfang Juli 2022.",1
"Für die Folgezeit bestehen allerdings erhebliche Unsicherheiten wegen der Folgen der
            andauernden Corona-Krise und des im Februar 2022 ausgebrochenen Ukrainekrieges.",1
"Herr Dipl.-Ing. Axel Weidner, Lübeck,",1
Entwicklung des Anlagevermögens vom 1. Januar 2021 bis 31. Dezember 2021,1
"Mutterunternehmen der DMG MORI Global Marketing GmbH, Wernau, war die DMG MORI Co.
            Ltd., Nagoya/Japan, und ist seit dem 21. Dezember 2020 die DMG MORI GmbH, Bielefeld/Deutschland.
            Der Jahresabschluss wird in den Konzernabschluss der DMG MORI Co. Ltd., Nagoya/Japan,
            einbezogen, der in Japan veröffentlicht wird.",1
Die Entwicklung des Anlagevermögens ergibt sich aus dem Anlagenspiegel:,1
"*
         
         davon aktivierte Fremdkapitalzinsen: € 0,00",1
"*
         
         Abschreibung des Geschäftsjahres",1
"Der Jahresabschluss zum 31. Dezember 2021 vom 8. April 2022 wurde im Nachgang geändert.
            Der Jahresabschluss der Tochtergesellschaft, DVS Production GmbH, Krauthausen, wurde
            zuvor geändert, wobei sich das Jahresergebnis der DVS Production GmbH, Krauthausen,
            um TEUR 5.264 verschlechtert hat. Aufgrund des Ergebnisabführungsvertrages hat Pittler
            T & S GmbH anstelle eines Ertrages aus Gewinnabführungsverträgen nun Aufwendungen
            aus Verlustübernahme in Höhe von insgesamt TEUR 5.914 auszuweisen. Ferner sind aktive
            latente Steuern aufgrund einer verringerten Nutzung der steuerlichen Verlustvorträge
            in Höhe von TEUR 1.836 erfolgswirksam reduziert worden. Der Jahresfehlbetrag der Pittler
            T & S GmbH ist daher um TEUR 7.100 auf TEUR 7.804 angestiegen.",1
Die jeweiligen Abschreibungen erfolgen wie folgt:,1
Gewinnverwendungsbeschluss,1
"Nach dem Bilanzstichtag sind keine Vorgänge von besonderer Bedeutung eingetreten,
            die wesentliche finanzielle Auswirkungen haben.",1
Die Entwicklung des Anlagevermögens ist aus folgendem Anlagenspiegel ersichtlich:,1
II. Bilanzierungs- und Bewertungsmethoden,1
"Der Jahresabschluss 2021 ist nach deutschen handelsrechtlichen Vorschriften aufgestellt.
            Bankguthaben, Forderungen und Verbindlichkeiten in Fremdwährung werden unter Berücksichtigung
            abgeschlossener Devisentermingeschäfte zum Bilanzstichtag umgerechnet.",1
Die Zusammensetzung und Entwicklung des Anlagevermögens ergeben sich wie folgt:,1
Verbindlichkeiten werden mit den Erfüllungsbeträgen ausgewiesen.,1
Bankguthaben werden zu Nominalwerten bewertet.,1
Verbindlichkeiten werden mit ihrem Erfüllungsbetrag angesetzt.,1
"Die Vorräte werden zu den handels- und steuerrechtlich aktivierungsfähigen
            Anschaffungs- oder Herstellungskosten oder zu niedrigeren Teilwerten
            angesetzt. Fremdkapitalkosten werden nicht berücksichtigt.",1
"Zu den wirtschaftlichen Auswirkungen der kriegerischen Auseinandersetzung in der Ukraine
            auf die zukünftige Entwicklung der RHEWUM GmbH wird auf die Ausführungen im Lagebericht
            in Abschnitt IV. Prognosebericht und in Abschnitt V. Chancen und Risiken verwiesen.",1
"Wir beschäftigten im Geschäftsjahr 2021 durchschnittlich 56 Lohnempfänger, 53 Gehaltsempfänger
            und 2 geringfügig Beschäftigte.",1
"Auf die Angabe der Bezüge der Geschäftsführung wird - unter Berücksichtigung des §
            286 Abs. 4 HGB - zulässigerweise verzichtet.",1
"Sonstige finanzielle Verpflichtungen, die nicht in der Bilanz auszuweisen
            und auch keine Haftungsverhältnisse i.S. von § 251 HGB sind, die für
            die Beurteilung der Lage des Unternehmens von Bedeutung sind, bestanden
            am Abschlussstichtag aus:",1
"Entwicklung des Anlagevermögens für das Geschäftsjahr vom
            1. Januar bis 31. Dezember 2021 (Anlage 1 zum Anhang)",1
"Der Konflikt zwischen Russland und der Ukraine hat bis zum heutigen
            Tag nur geringe Auswirkungen auf den Geschäftsverlauf unseres Unternehmens.
            Wir beurteilen die Situation fortwährend neu. Auswirkungen könnten
            höhere Energiepreise, Versorgungsengpässe mit Rohmaterialien und Absatzeinbrüche
            aufgrund einer drohenden Rezession oder aufgrund von Versorgungsengpässen
            bei unseren Kunden sein. Wir haben verschiedene Szenarien simuliert
            und die Auswirkungen auf die Liquiditäts- und Finanzlage beurteilt.
            Die genannten Risiken stellen eine große Herausforderung für die Firma
            Scholz dar, dennoch sehen wir die Unternehmensfortführung als gesichert
            an.",1
Mitglieder der Geschäftsführung,1
Der Geschäftsführer ist hauptberuflich für die Gesellschaft tätig.,1
Mutterunternehmen und Konzernzugehörigkeit,1
"Die Hollfelder-Gühring GmbH, Nürnberg, wird in den Konzernabschluss der Gühring KG,
            Albstadt, mit einbezogen.",1
"Sachanlagen werden zu Anschaffungs- oder Herstellungskosten und bei Abnutzbarkeit
            abzüglich planmäßiger linearer Abschreibungen bewertet. Die Nutzungsdauern betragen
            bis zu",1
"Die weiterhin auf niedrigem Niveau zu erwartenden Zinsen wirken positiv auf Investitionen
            und die Beschaffung und Finanzierung von Rohstoffen.",1
e) Risikobericht - Finanzwirtschaftliche Risiken,1
"Darüber hinaus sind weitere Vorgänge von besonderer Bedeutung nach dem Schluss des
            Geschäftsjahres, die eine wesentliche Auswirkung auf die Ertrags-, Finanz- und Vermögenslage
            der Mühlbauer Maschinenbau GmbH haben können, nicht eingetreten.",1
"Staatliche Coronahilfen werden und wurden in Anspruch genommen, sofern die Voraussetzungen
            vorliegen.",1
"Zu Beginn des Jahres 2021 wurde die Marktlage noch durch die Corona Situation beherrscht.
            Erst gegen Mitte 2021 konnte wieder ein steigendes Anfragevolumen registriert werden.
            Die gefallenen Margen sowie die fehlenden Umsätze im ersten Halbjahr 2021 werden aber
            ggf. zu einem weiter reduzierten Umsatzvolumen im Vergleich zu 2020 führen.",1
"ENTEX Rust & Mitschke GmbH, Bochum",1
5.5 Unterschrift der Geschäftsführung,1
"Seit dem 24.2.2022 führt Russland Krieg gegen die Ukraine. Die Auswirkungen dieses
            Konflikts hatten keine Implikationen auf Ansatz und Bewertung der Vermögensgegenstände
            und Schulden zum Abschlussstichtag. Für die TPG Gruppe erwarten wir Zurückhaltung
            ukrainischer, aber auch russischer Kunden das Neugeschäft betreffend. Ferner ist davon
            auszugehen, dass sich Vorprodukte aus Aluminium und Stahl für Mechanik-Komponenten
            und Maschinenrahmen weiter verknappen und die ohnehin bereits angespannte Lage auf
            der Beschaffungsseite verstärken wird. Die Auswirkungen auf das Ersatzteil- und Servicegeschäft
            in Russland sind ebenfalls unklar, da fast täglich neue Meldungen zu möglichen Sanktionen
            und Embargoforderungen in den Medien veröffentlicht werden. Je nach Dauer und Intensität
            des Konflikts könnte das Geschäft mit Kunden in den GUS Staaten und der Ukraine gegenüber
            dem Geschäftsjahr 2021 deutlich einbrechen und Auslieferungen mit Vorprodukten aus
            Russland oder Ukraine stark verzögert werden.",1
"Entwicklung des Anlagevermögens im Geschäftsjahr vom 1. Januar 2021 bis 31. Dezember
            2021",1
Die Angabe der Bezüge der Geschäftsführung unterbleibt gemäß § 286 Abs. 4 HGB.,1
Entwicklung des Anlagevermögens in 2021,1
"II Gewinn- und Verlustrechnung vom 1. Januar bis 31. Dezember 2021 (mit Vergleichszahlen
            des Vorjahres)",1
Verzeichnis,1
3.1 Anlagevermögen,1
Währungsumrechnung,1
"Als biometrische Rechnungsgrundlage wurden die „Heubeck-Richttafeln
            2018 G“ von Klaus Heubeck verwandt. Der Gehaltstrend wurde mit 2,0
            % p. a., der Rententrend mit 1,0 % - 1,75 % p. a. angenommen. Fluktuation
            wurde nicht berücksichtigt.",1
"Inwieweit die Ende Februar 2022 begonnene militärische Auseinandersetzung zwischen
            Russland und der Ukraine Einfluss auf das Geschäft der Gesellschaft haben könnte,
            kann bislang noch nicht abgeschätzt werden.",1
"Die Kumera Getriebe GmbH wird in den Konzernabschluss des mittelbaren und obersten
            Mutterunternehmens Kumera Oy, Riihimäki, Finnland, einbezogen, die den Konzernabschluss
            für den kleinsten und größten Kreis von Unternehmen aufstellt. Der Konzernabschluss
            ist am Sitz der Kumera Oy erhältlich.",1
"Entwicklung des Anlagevermögens für die Zeit vom 1. Januar bis 31. Dezember 2016 der
            Felss Systems GmbH, Königsbach-Stein",1
"Wesentliche Vorgänge von besonderer Bedeutung, die nach dem Abschlussstichtag eingetreten
            sind, haben sich nicht ergeben.",1
Anlagenspiegel für das Geschäftsjahr vom 1. Januar bis 31. Dezember 2021,1
B. Erläuterungen zum Jahresabschluss,1
Verbindlichkeiten sind mit ihren jeweiligen Erfüllungsbeträgen passiviert.,1
"Die Abschreibungen auf immaterielle Vermögensgegenstände und Sachanlagen verteilen
            sich wie folgt:",1
"Die sonstigen Rückstellungen berücksichtigen alle erkennbaren Risiken und ungewisse
            Verbindlichkeiten und sind mit dem Erfüllungsbetrag bewertet, der nach vernünftiger
            kaufmännischer Beurteilung notwendig ist.",1
Albert Kerbl GmbH,1
F. Vorgänge von besonderer Bedeutung nach Schluss des Geschäftsjahres,1
"Erträge aus Währungsumrechnungen sind in den Positionen „sonstige betriebliche Erträge""
            in Höhe von 0,9 Mio € (Vorjahr 0,4 Mio €) enthalten.",1
"Die Bewertung der Forderungen und sonstigen Vermögensgegenstände erfolgt zu den Anschaffungskosten
            bzw. zum Nennwert.",1
"Hinsichtlich der Zusammensetzung und der Entwicklung des Anlagevermögens im Geschäftsjahr
            wird auf den auf Seite 3 beigefügten Anlagenspiegel verwiesen. Die Anfangsbestände
            im Anlagenspiegel sind zu ursprünglichen Anschaffungs- bzw. Herstellungskosten angegeben.",1
Bruttoanlagenspiegel für das Geschäftsjahr 2021,1
3.6 Ergebnisverwendungsvorschlag,1
"Für das Geschäftsjahr 2021 wurde vom Abschlussprüfer ein Gesamthonorar in Höhe von
            TEUR 13 (Vorjahr: TEUR 12) vereinbart. Für sonstige Steuerberatungsleistungen wurden
            im Vorjahr TEUR 21 gezahlt.",1
Angabe des Anlagenspiegels,1
Sämtliche Verbindlichkeiten haben eine Restlaufzeit bis zu einem Jahr.,1
"Kurzzeitig waren die beiden oben genannten Personen nicht mehr in der Geschäftsführung
            tätig (Oktober - Dezember 2021). Siehe Handelsregistereintrag vom 14.10.2021. Mit
            Eintragungsdatum vom 11.01.2022 wurde Frau Annette Klingler wieder zur Geschäftsführerin
            bestellt. Mit Eintragungsdatum vom 24.01.2022 wurde Herr Klaus Wüst wieder zum Geschäftsführer
            bestellt.",1
"Vorgänge von besonderer Bedeutung, die nach dem Schluss des Geschäftsjahrs eingetreten
               sind",1
"Während des abgelaufenen Geschäftsjahres wurden die Geschäfte des Unternehmens durch
            die folgenden Personen geführt:",1
Die betriebsgewöhnlichen Nutzungsdauern stellen sich wie folgt dar:,1
"Das Anlagevermögen wird zum Anschaffungswert bewertet und die Abschreibungen werden
            nach der linearen Bemessungsmethode vorgenommen, hierbei werden die folgenden Nutzungsdauern
            verwendet:",1
Entwicklung des Anlagevermögens Im Geschäftsjahr 2021,1
"Das Jahresergebnis der Gesellschaft wird gemäß dem bestehenden Beherrschungs- und
            Ergebnisabführungsvertrag zwischen der Gardner Denver Schopfheim GmbH, Schopfheim,
            als beherrschter Gesellschaft und der Gardner Denver Deutschland GmbH, Bad Neustadt
            a. d. Saale, als beherrschende Gesellschaft vollständig an letztere abgeführt.",1
"ASC 842 schreibt vor, dass gemäß US GAAP der Leasingnehmer: (a) Nutzungsrechte entweder
            in der Bilanz oder im Anhang getrennt von anderen Vermögenswerten darzustellen hat.
            Stellt er die Nutzungsrechte in der Bilanz nicht gesondert dar, so hat er (i) diese
            Nutzungsrechte in den gleichen Bilanzposten aufzunehmen, in dem auch die zugrundeliegenden
            Vermögenswerte dargestellt würden, wenn sie sein Eigentum wären, und (ii) anzugeben,
            in welchen Bilanzposten diese Nutzungsrechte geführt werden oder (b) Leasingverbindlichkeiten
            entweder in der Bilanz oder im Anhang getrennt von anderen Verbindlichkeiten darzustellen
            hat. Stellt der Leasingnehmer Leasingverbindlichkeiten in der Bilanz nicht gesondert
            dar, hat er anzugeben, in welchen Bilanzposten diese Verbindlichkeiten enthalten sind.",1
"der Flex-Elektrowerkzeuge GmbH, Steinheim/Murr",1
Feststellung des Jahresabschlusses,1
"Weitere Vorgänge von besonderer Bedeutung nach dem Schluss des Geschäftsjahres waren
            nicht zu verzeichnen.",1
"Die Welland & Tuxhorn AG hat gemäß § 312 AktG einen Abhängigkeitsbericht erstellt.
            Der Abhängigkeitsbericht wird nicht öffentlich gemacht. Die Schlusserklärung des Vorstands
            ist im Lagebericht dargestellt.",1
Angaben in EUR.,1
"Die Aufgliederung der Anlageposten und ihre Entwicklung im Geschäftsjahr ist im folgenden
            Anlagenspiegel dargestellt:",1
"Fremdwährungen wurden - wenn vorhanden - gemäß § 256a HGB mit dem Devisenkassamittelkurs
            am Abschlussstichtag umgerechnet.",1
"Hafner GmbH mit Sitz in Fellbach. Das Kapital beträgt EUR 26.000,00.",1
(11) Konzernabschluss,1
Das Bestellobligo bei den Vorräten ist im branchenüblichen Umfang.,1
Vorschlag bzw. Beschluss zur Ergebnisverwendung,1
"Die Geschäfte des Geschäftsjahrs 2021/2022 wurden von Herrn Stefan Dastig, Dahme,
            geführt. Auf die Angabe der Geschäftsführungsbezüge wurde nach § 286 Abs. 4 HGB verzichtet.",1
"Seit dem 24. Februar 2022 führt Russland Krieg gegen die Ukraine. Auch in Europa wird
            dies aller Voraussicht nach zunehmend zu Folgen und deutlichen Einschnitten im Wirtschaftsleben
            und in der Gesellschaft führen. Von einer Verschlechterung der gesamtwirtschaftlichen
            Lage ist daher auszugehen. Die konkreten Auswirkungen auf die Gesamtwirtschaft, aber
            auch auf unsere Gesellschaft, können noch nicht verlässlich abgeschätzt werden. Es
            ist jedoch mit Beeinträchtigungen der Wirtschaftsstruktur, verschlechterten Finanzierungsbedingungen,
            höheren Produktionskosten sowie geringeren Investitionen und Kaufzurückhaltung zu
            rechnen. Die uns bekannten Abschätzungen und Annahmen sind im Prognosebericht des
            Lageberichts berücksichtigt und beschrieben.",1
6. Persönlich haftende Gesellschafterin,1
Die durchschnittliche Nutzungsdauer pro Anlagenklasse gliedert sich wie folgt:,1
ANLAGENSPIEGEL 2021,1
"Aufgliederung und Entwicklung des Anlagevermögens vom 1. August 2021 bis 31. Juli
            2022",1
"Die ausschließlich auf inländische Währung lautenden Verbindlichkeiten wurden zum
            Erfüllungsbetrag angesetzt.",1
"Nach dem Schluss des Geschäftsjahres haben sich keine Vorgänge
            von Bedeutung ereignet.",1
"Wir beschäftigten während des Geschäftsjahres 2021 durchschnittlich 80 (Vorjahr: 84) Lohnempfänger, 49 (Vorjahr: 51) Gehaltsempfänger sowie 8 Auszubildende
            (Vorjahr: 10).",1
(20) Geschäftsführerbezüge,1
"Das Gesamthonorar des Abschlussprüfers für das Geschäftsjahr 2021 für Abschlussprüfungsleistungen
            beträgt 32 T€.",1
"Die Gesellschaft gehört zum Konsolidierungskreis der Muttergesellschaft, der Hebenstreit
            Holding GmbH, Mörfelden-Walldorf.",1
"Die Bezüge des Geschäftsführers und der früheren Organmitglieder werden unter Inanspruchnahme
            des § 286 Abs. 4 HGB nicht angegeben.",1
"Gesellschafterin
         
         mit einem Geschäftsanteil von 100 % ist die Brugg Rohrsystem AG, Böttstein/Schweiz.
            Die Gesellschaft wird in den Konzernabschluss der Brugg Group AG, Brugg/Schweiz, einbezogen.
            Diese stellt den Konzernabschluss für den größten und kleinsten Kreis der Unternehmen
            auf. Der Konzernabschluss ist bei dieser Gesellschaft erhältlich.",1
Entwicklung des Anlagevermögens 2018,1
Konzernabschluss,1
"Außerdem sind die gesetzlichen Vertreter verantwortlich für die Aufstellung des Lageberichts,
            der insgesamt ein zutreffendes Bild von der Lage der Gesellschaft vermittelt sowie
            in allen wesentlichen Belangen mit dem Jahresabschluss in Einklang steht, den deutschen
            gesetzlichen Vorschriften entspricht und die Chancen und Risiken der zukünftigen Entwicklung
            zutreffend darstellt.",1
"Die gesetzlichen Vertreter sind verantwortlich für die Aufstellung des Jahresabschlusses,
            der den deutschen, für Personenhandelsgesellschaften geltenden handelsrechtlichen
            Vorschriften in allen wesentlichen Belangen entspricht, und dafür, dass der Jahresabschluss
            unter Beachtung der deutschen Grundsätze ordnungsmäßiger Buchführung ein den tatsächlichen
            Verhältnissen entsprechendes Bild der Vermögens-, Finanz- und Ertragslage der Gesellschaft
            vermittelt.",1
"Die Bilanzierung der Sachanlagen erfolgt zu Anschaffungs- bzw. Herstellungskosten,
            im Falle abnutzbarer Sachanlagen vermindert um planmäßige, nutzungsbedingte Abschreibungen.
            Die Herstellungskosten beinhalten ausschließlich die handelsrechtlichen Pflichtbestandteile.
            Auf die Einbeziehung weiterer Kosten im Sinne von § 255 Abs. 2 Satz 3 HGB sowie Zinsen
            für Fremdkapital gemäß § 255 Abs. 3 Satz 2 HGB wird zulässigerweise verzichtet. Es
            wird die lineare Abschreibungsmethode angewendet. Folgende Nutzungsdauern sind den
            Abschreibungen der einzelnen Sachgruppen zugrunde gelegt worden:",1
Datum der Feststellung: 10. Juni 2022,1
"Einzelvertretungsberechtigter Geschäftsführer im Geschäftsjahr 2021 war Herr Johann
            Erich Wilms, Marburg (operativer und kaufmännischer Geschäftsführer). Herr Johann
            Erich Wilms ist von den Beschränkungen des § 181 BGB befreit. Auf die weitere Angabe
            der Bezüge der Geschäftsführung sowie ehemaliger Organmitglieder wird unter Berufung
            auf § 286 Abs. 4 HGB abgesehen.",1
Entwicklung des Anlagevermögens im Geschäftsjahr 20120/2021,1
Mitglied der Geschäftsleitung war im Geschäftsjahr:,1
"Die sonstigen finanziellen Verpflichtungen aus Leasingverträgen, Mietverhältnissen
            und sonstigen Dauerschuldvereinbarungen betragen insgesamt T€ 1.546 (Vj. T€ 1.653).
            Davon entfallen auf die nächsten zwölf Monate rd. T€ 663 (Vj. T€ 622). Mit einer Laufzeit
            zwischen einem und fünf Jahren betragen diese Verpflichtungen rd. T€ 802 (Vj. T€ 909)
            und auf Zeiträume später als 5 Jahre T€ 80 (Vj. T€ 121).",1
"Die Pensionsverpflichtungen gegenüber früheren Geschäftsführern und deren Hinterbliebenen
            sind voll durch Rückstellungen abgedeckt. Die Rückstellungen betragen EUR 1.029.322.",1
Entwicklung des Anlagevermögens im Geschäftsjahr 2015/2016,1
VII. Bericht über Zweigniederlassungen,1
3.4 Ergebnisverwendung,1
3.3 Vorgänge von besonderer Bedeutung nach Schluss des Geschäftsjahres,1
"Die Mietverträge für Immobilien wurden sämtlich auf unbestimmte Zeit geschlossen.
            Die Kündigungsfrist beträgt höchsten 1 Jahr. Die jährlichen Mietaufwendungen betragen
            456.733,32 €.",1
"Die Geschäftsführer sind jeweils einzelvertretungsberechtigt und befugt im Namen der
            Gesellschaft, mit sich im Namen oder als Vertreter eines Dritten Rechtsgeschäfte vorzunehmen.",1
"Der Gesellschafterversammlung wird vorgeschlagen, den Jahresüberschuss auf neue Rechnung
            vorzutragen.",1
Dr. Friedrich Kastner,1
"Nach dem Abschlussstichtag sind keine Ereignisse eingetreten, die
            einen wesentlichen Einfluss auf den Jahresabschluss haben.",1
Wir verweisen auf die weiteren Ausführungen im Lagebericht (Abschnitt IV.).,1
"Die SHW Werkzeugmaschinen GmbH wird in den Konzernabschluss der SFO-N GmbH, München,
            (Amtsgericht München, HR B 244618) für den größten Kreis von Unternehmen einbezogen.",1
Angaben über die Mitglieder der Unternehmensorgane,1
"Im Jahr 2012 hat die Günter Effgen GmbH eine Bürgschaftserklärung gegenüber der Kreissparkasse
            Birkenfeld in Höhe von 500.000,00 Euro abgegeben.",1
"Resultierend aus BP-Prüfungsänderungen sind in den sonstigen betrieblichen Erträgen
            298.830,00 € und in den sonstigen betrieblichen Aufwendungen 100.119,90 € enthalten,
            die einem anderen Geschäftsjahr zuzurechnen sind.",1
3.2. Sachanlagen,1
Entwicklung des Anlagevermögens im Geschäftsjahr 2018,1
5.6. Ergebnisverwendungsvorschlag,1
5.5. Nachtragsbericht,1
VI. SONSTIGE ANGABEN,1
ENTWICKLUNG DES ANLAGEVERMÖGENS IM GESCHÄFTSJAHR 2007/08,1
"Die Angabe gemäß § 285 Satz 1 Nr. 9 Buchstabe a HGB über die Höhe der gewährten Bezüge
            der Geschäftsführung für das Geschäftsjahr 2007/08 unterbleibt gemäß § 286 Abs. 4
            HGB.",1
"Bei der Commerzbank AG sind derivative Finanzinstrumente (Zinsbegrenzungsgeschäfte)
            in der Form einer Höchstsatzvereinbarung (CAP) über Beträge von insgesamt EUR 10.179.600,00
            abgeschlossen worden. Die Verträge haben eine Laufzeit bis zum 30. Dezember 2009 für
            EUR 10.000.000,00 sowie bis zum 30. September 2010 für EUR 179.600,00 und haben eine
            Zinsbegrenzung auf 4,5 %. Die Gebühren für die Finanzinstrumente werden über die Laufzeit
            des ZinsCaps verteilt und sind in Höhe von EUR 39.779,00 im Rechnungsabgrenzungsposten
            enthalten. Der Marktwert der Finanzinstrumente beträgt zum 30. Juni 2008 EUR 109.004,28.",1
Anlagespiegel 2021,1
Es gab keine weiteren wesentlichen Ereignisse nach dem Bilanzstichtag.,1
6. Vorgänge von besonderer Bedeutung,1
"Die Gesellschaft hat mit der Wickeder Westfalenstahl GmbH am 15.01.2015 einen Ergebnisabführungsvertrag
            geschlossen. Die Gesellschaft hat sich verpflichtet, ihr gesamtes Jahresergebnis an
            den Organträger abzuführen. Ebenso erfolgt eine Verlustübernahme durch den Organträger.",1
IV. Angaben zur Bilanz,1
"Bei Verpflichtungen mit einer Restlaufzeit von mehr als einem Jahr wurden künftige
            Preis- und Kostensteigerungen berücksichtigt und eine Abzinsung auf den Abschlussstichtag
            vorgenommen. Als Abzinsungssatz wurde die den Restlaufzeiten entsprechenden durchschnittlichen
            Marktzinssätze der vergangenen sieben Geschäftsjahre verwendet.",1
Es wird hierzu auf die Ausführungen im Lagebericht verwiesen.,1
"Unsere Produkte, in langjähriger, praktischer Erfahrung entwickelt, umfassen heute
            zwei große Bereiche, die sich zum Teil gegenseitig ergänzen:",1
IV. Brutto-Anlagespiegel zum 31.12.2021,1
"Darüber hinaus beinhalten die sonstigen Verbindlichkeiten € 261.613,51 gegenüber verbundenen
            Unternehmen und € 0,00 gegenüber Unternehmen, mit denen ein Beteiligungsverhältnis
            besteht.",1
"Die sonstigen Rückstellungen wurden im Wesentlichen für die Verpflichtungen gegenüber
            Mitarbeitern, für Jahresabschlusskosten und Aufbewahrung von Unterlagen, für Instandhaltungen
            sowie für Gewährleistungen gebildet.",1
5.8 Konzernverhältnisse,1
"Zum Bilanzstichtag bestehen Haftungsverhältnisse im Sinne des §
            251 HGB aus der Bestellung von Sicherheiten für fremde Verbindlichkeiten
            verbundener Unternehmen in Höhe von T€ 18.242. Mit einer Inanspruchnahme
            ist aufgrund der positiven wirtschaftlichen Lage der verbundenen Unternehmen
            nicht zu rechnen.",1
"Johannes Oswald, technischer und kaufmännischer Geschäftsführer",1
"Entwicklung des Anlagevermögens der SOLO Kleinmotoren GmbH, Sindelfingen, im Geschäftsjahr
            2019/2020",1
"Die Gesamtzahl der durchschnittlich beschäftigten Arbeitnehmer exkl. Geschäftsführung
            beträgt damit 112 zuzüglich 10 Auszubildende und zwei Geschäftsführer.",1
"Die PPM Hong Kong Lfd. stellt den Konzernabschluss für den kleinsten Konzernkreis
            auf.",1
15. Vorschlag über die Verwendung des Ergebnisses,1
Auf die Anlage der Bezüge der Geschäftsführung wird nach § 286 Abs. 4 HGB verzichtet.,1
Bruttoentwicklung des Anlagevermögens,1
"15. Für die Währungsumrechnung werden die Bestimmungen des § 256a HGB zu Grunde gelegt.
            Im Geschäftsjahr entstanden Aufwendungen aus der Fremdwährungsumrechnung von EUR 357,17
            (Vorjahr 0). Wie im Vorjahr entstanden keine Erträge aus der Fremdwährungsumrechnung.",1
"12. Die sonstigen Rückstellungen wurden mit dem nach vernünftiger kaufmännischer Beurteilung
            notwendigen Erfüllungsbetrag angesetzt. Soweit Rückstellungen mit einer Restlaufzeit
            von mehr als einem Jahr bestehen, sind sie mit dem durchschnittlichen Marktzinssatz
            der letzten sieben Jahre abgezinst. Die Abzinsungssätze gemäß § 253 Abs. 2 HGB wurden
            von der Deutschen Bundesbank ermittelt und bekannt gegeben.",1
"Der Ausbruch des Ukraine-Krieges stellt ein wesentliches Ereignis nach dem Bilanzstichtag
            dar, dessen Folgen
            zum Zeitpunkt der Aufstellung des Anhangs in Bezug auf die Vermögens-, Finanz- und
            Ertragslage nicht
            verlässlich abschätzbar sind. Wir verweisen hierzu auf die Ausführungen im Abschnitt
            „3. Prognosebericht""
            und Abschnitt „4. a. Risikobericht“ des Lageberichts.",1
"Die Lorch Holding GmbH, Auenwald, ist aufgrund der 100-prozentigen Beteiligung
            Konzernmutterunternehmen. Die Lorch Holding GmbH, Auenwald, ist aufgrund der größenabhängigen
            Befreiungen gemäß § 293 HGB von der Pflicht, einen Konzernabschluss und einen Konzernlagebericht
            aufzustellen, befreit.",1
Die Entwicklung des Anlagevermögens ist dem nachstehenden Anlagenspiegel zu entnehmen.,1
"Umsatzerlöse werden in dem Zeitpunkt realisiert, in dem nach Maßgabe der vereinbarten
            Lieferbedingungen die Lieferung/Leistung erbracht worden ist, der Anspruch auf die
            Gegenleistung entstanden ist und die Gefahr/Preisgefahr auf den Kunden übergegangen
            ist.",1
"Die bereits im Vorjahr bekannt gegebene Veräußerung des Geschäftsbereichs Recycling
            zum 
            31. Januar 2022 wird sich auf den Jahresabschluss zum 31. Dezember 2022 auswirken.
            Wir erwarten für das Jahr 2022 einen Umsatzrückgang auf M€ 33 bei einem operativen
            Ergebnis von M€ 2,6.",1
"Die Aufwendungen für den Abschlussprüfer betrugen im Geschäftsjahr 2021 T€ 92,7.",1
"Die kumulierten Abschreibungen betrugen am Ende des Geschäftsjahres: 4.881.426,33
            EUR.",1
"Die Anschaffungskosten geringwertiger Wirtschaftsgüter wird als Zugang und Abgang
            ausgewiesen.",1
"Die Entwicklung der einzelnen Posten des Anlagevermögens sowie die Abschreibungen
            des laufenden Geschäftsjahres sind im nachfolgenden Anlagespiegel (siehe nächste Seite)
            gesondert dargestellt.",1
"Die sonstigen Rückstellungen berücksichtigen alle erkennbaren Risiken und ungewissen
            Verbindlichkeiten. Sie werden in Höhe des nach vernünftiger kaufmännischer Beurteilung
            notwendigen Erfüllungsbetrages angesetzt.",1
"Forderungen und sonstige Vermögensgegenstände sind grundsätzlich zum Nennwert bewertet.
            Fremdwährungsforderungen werden mit dem Devisenkassamittelkurs unter Berücksichtigung
            des § 256a 2 HGB am Abschlussstichtag angesetzt. Die flüssigen Mittel sind zum Nennwert
            bilanziert.",1
Die Verbindlichkeiten werden mit dem Erfüllungsbetrag bilanziert.,1
Kassenbestand und Guthaben bei Kreditinstituten sind zu Nominalwerten angesetzt.,1
"Die kumulierten Abschreibungen betrugen am Ende des Geschäftsjahres: EUR 8.493.190,96.",1
"Die Sofortabschreibung geringwertiger Wirtschaftsgüter wird als Zugang zu den Abschreibungen
            ausgewiesen. Diese Beträge sind damit sowohl in der Geschäftsjahresabschreibung als
            auch in den historischen Anschaffungskosten enthalten. Der Abgang sämtlicher GWG erfolgt
            sowohl in den historischen Anschaffungskosten als auch in den kumulierten Abschreibungen
            im Folgejahr.",1
Entwicklung des Anlagevermögens (Anlagespiegel) zum 31. Dezember 2021,1
Vorgänge von besonderer Bedeutung nach Ende des Geschäftsjahres sind nicht eingetreten.,1
"Dipl.-Ing. Stephan Ilsemann, Geschäftsführer",1
"Die Angabe der dem Geschäftsführer für die Tätigkeit im Geschäftsjahr gewährten Gesamtbezüge
            wurde nach § 286 Abs. 4 HGB unterlassen.",1
Namen der Geschäftsführer,1
"Die Corona Pandemie führt weiterhin zu starken Einschränkungen im Geschäftsverkehr
            und mögliche staatliche Maßnahmen wie Lockdowns können sich negativ auswirken, ohne
            dass diese Auswirkungen auf die Vermögens-, Finanz- und Ertragslage vorhersehbar wären.
            Die Auswirkungen des Kriegs zwischen Russland und er Ukraine können noch nicht abschließend
            beurteilt werden.",1
"Entwicklung des Anlagevermögens im Geschäftsjahr vom 1. November 2021 bis zum 31.
            Oktober 2022",1
"Am 20. April 2023 wurden ein Verschmelzungsvertrag zwischen der NDC Technologies GmbH,
            Darmstadt, und der NORDSON Deutschland GmbH als übernehmender Rechtsträger geschlossen.",1
Prüfungs- und Beratungsgebühren,1
4. Sonstige finanzielle Verpflichtungen,1
Brutto-Anlagenspiegel,1
Die den Abschreibungen zu Grunde liegenden Nutzungsdauern betragen:,1
I. Anlagevermögen,1
"Soweit im Jahresabschluss Posten enthalten sind, die ursprünglich auf fremde Währung
            lauteten, so wurden diese zum Tageskurs umgerechnet.",1
"Die Verbindlichkeiten gegenüber Kreditinstituten haben eine Restlaufzeit von mehr
            als fünf Jahren in Höhe von EUR 660.956,62 (Vorjahr: EUR 1.939.188,28).",1
ENTWICKLUNG DES ANLAGEVERMÖGENS IM GESCHÄFTSJAHR 2021/2022,1
4.	Nachtragsbericht,1
Auf die Angabe der Geschäftsführerbezüge wurde nach § 286 Abs. 4 HGB verzichtet.,1
"Da Intensität und Dauer der vorstehenden Einflussfaktoren nicht abschätzbar sind,
            können deren finanzielle Auswirkungen gegenwärtig nicht beziffert werden.",1
"Wesentliche sonstige finanzielle Verpflichtungen gem. § 285 Nr. 3 HGB sind für das
            Berichtsjahr nicht zu nennen.",1
Herr Dipl.-Ing. Thomas Krückels.,1
"Vorgänge von besonderer Bedeutung, die nach dem Schluss des Geschäftsjahres eingetreten
            sind, beziehen sich nur auf den Ukraine-Krieg und dessen Auswirkungen. Hierzu verweisen
            wir auf unsere Ausführungen im Lagebericht.",1
"c) Geschäftsführung
         

         Hess Verwaltungs GmbH, Düren (Komplementärin), vertreten durch:
         
         - Herrn Michael Hess Dipl. Betriebswirt, Kreuzau (einzelvertretungsberechtigt)
         
         - Herrn Peter Josef Kayser Dipl. Ingenieur, Bonn (einzelvertretungsberechtigt)
         
         Auf die Angabe der Bezüge der Geschäftsführer wird gemäß § 286 Abs. 4 HGB verzichtet.
         


          d) Prokura
         

         Prokuristin der Gesellschaft ist Frau Alice Speth, Einzelprokura.
         


          e) Beirat
         

         Prof. Dr. Ing Andreas Gebhardt, Aachen (seit 1.1.2019)
         
         Dr. Ing. Peter Kramp, Unternehmensberater, Zülpich (seit 1.1.2022)
         
         Klaus Huneke, Dipl. Ing. Maschienenbau, Langerwehe (seit 1.1.2022)
         
         Dr. Manfred Bohn, Wirtschaftsingenieur, Starnberg (bis 31.12.2021)
         
         Lothar Steyns, Stolberg (bis 31.12.2021)
         
         Die Vergütungen für den Beitrat betrugen im Geschäftsjahr 2021 T€ 17.
         


          f) Ergebnisverwendung
         

         Der Jahresüberschuss in Höhe von € 2.295.066,36 wurde zum Bilanzstichtag den einzelnen
            Gesellschafterverrechnungskonten gutgeschrieben.",1
F. Unterschrift gemäß § 245 HGB,1
"Herr Gerhold Knöß, Geschäftsführer, Grünberg (abberufen am 05. Juli 2022) und Herr
            Michael Lauer, Managing Director - Technology and Sales, Hüttenberg.",1
Entwicklung des Anlagevermögens zum 31. Dezember 2016,1
8. Muttergesellschaft,1
"Herr Jochen Baumann, kaufmännischer Angestellter.",1
"Die Entwicklung der einzelnen Posten des Anlagevermögens ist unter
            Angabe der Abschreibungen des Geschäftsjahres im Anlagenspiegel dargestellt,
            Angaben in TEUR:",1
Verbindlichkeiten sind zum Erfüllungsbetrag angesetzt.,1
"Forderungen aus Lieferungen und Leistungen sind zum Nennwert angesetzt.
            Risikobehafteten Posten ist durch die Bildung angemessener Einzelwertberichtigungen
            Rechnung getragen; das allgemeine Kreditrisiko ist durch pauschale
            Abschläge berücksichtigt. Der Ansatz der pauschalen Abschläge ist
            unverändert zum Vorjahr.",1
VI. Vorgänge von besonderer Bedeutung nach dem Abschlussstichtag,1
"Herr Michael Tolz, Roth, Dipl.-Ing.",1
Die Feststellung des Jahresabschlusses zum 31. Dezember 2021 erfolgte am 3.04.2023.,1
Eigenkapital zum 31.12.2021: 2142.489 Britische Pfund,1
"Die Geschäftsführer sind einzelvertretungsberechtigt und befugt, im Namen der Gesellschaft
            mit sich im eigenen Namen oder als Vertreter eines Dritten Rechtsgeschäfte vorzunehmen.
            Die Schutzklausel gemäß § 286 Abs. 4 HGB wurde in Anspruch genommen.",1
"Die Geschäftsführung schlägt in Übereinstimmung mit den Gesellschaftern die folgende
            Ergebnisverwendung vor:",1
"Die planmäßigen linearen Abschreibungen auf Sachanlagen basieren vornehmlich auf folgenden
            betriebsgewöhnlichen Nutzungsdauern:",1
Angabe zu Unternehmensverbindungen,1
"Die Salzgitter Maschinenbau AG hat mit der PEINER SMAG Lifting Technologies GmbH,
            der NORDMEYER SMAG Mining & Drilling Technologies GmbH, der SMAG Mobile Antenna Masts
            GmbH mit Rahmenkreditvertrag vom 7. Februar 2018 die gesamtschuldnerische Mithaftung
            für eine Konsortialfinanzierung gewährt, die durch die Gesellschaften in Form von
            Kontokorrent, Til- gungs- oder endfällige Darlehn oder als Bankavale in Anspruch genommen
            werden konnte. Die Konsortialfinanzierung wurde durch die Gewährung umfangreicher
            Sicherheiten in Form von Globalzession von Forderungen aus Lieferungen und Leistungen,
            Warenkreditversicherungen alle Kunden, Raumsicherungsübereignung des beweglichen Anlagevermögens
            und des Warenlagers sowie Grundschulden besichert. Die Konsortialfinanzierung war
            bis zum 30. September 2022 befristet. Die Rückführung der gewährten Darlehn und Kontokorrente
            wurde fristgerecht vorgenommen. Die Avallinien werden fortgeführt und sind mit 20%
            (Bankavale) bzw. 100% (Kreditsicherungsavale) bar zu hinterlegen. Die Rückabwicklung
            der Sicherheiten ist noch nicht erfolgt.",1
Auf die Angabe der Bezüge wurde in Bezug auf § 286 Abs. 4 HGB verzichtet.,1
"Herr Dipl.-Ing. Frank Schaefer, Dülmen",1
"Anlagespiegel
            2014",1
C. Sonstiges,1
"Wir beschränken uns in der nachstehenden Übersicht zur Erleichterung der Les barkeit
            des Berichts auf die Darstellung wesentlicher Daten der Bilanz, soweit deren Anteil
            an der Bilanzsumme grundsätzlich größer als 5 % ist, und wesentli cher Posten der
            Gewinn- und Verlustrechnung, soweit deren Anteil an den Um satzerlösen größer als
            5 % ist.",1
(6) Konzernzugehörigkeit,1
"Gemäß Gesellschafterbeschluss vom 20. Dezember 2022 wird der Jahresabschluss zum 31.
            Dezember 2021 genehmigt und festgestellt.",1
"Auf neue Rechnung werden EUR 20.072.426,50 vorgetragen.",1
"Die Geschäftsführung schlägt der Gesellschafterversammlung die folgende Ergebnisverwendung
            vor:",1
"Mit Ausbruch des Krieges zwischen Russland und der Ukraine am 24.02.2022
            haben sich nach dem Bilanzstichtag neue politische und wirtschaftliche
            Unsicherheiten ergeben. Die hiermit verbundenen Preissteigerungen,
            insbesondere bei den Energiepreisen, führten zu neuen Rekordinflationen
            und werden das Ergebnis der Zeulenroda Präzision und Maschinenbau
            GmbH im Jahr 2022 schmälern. Die Preissteigerungen haben jedoch keine
            existenzielle Bedeutung für die Gesellschaft.",1
Die Entwicklung des Anlagevermögens ist aus nachfolgendem Anlagenspiegel ersichtlich:,1
BILANZ,1
"Für die Aufstellung des Jahresabschlusses waren im Wesentlichen unverändert die nachfolgenden
            Bilanzierungs- und Bewertungsmethoden maßgebend.",1
"Zusätzlich war Herr Dr. Ferdinand Schmitt als weiterer Geschäftsführer während des
            Geschäftsjahres bestellt. Er vertritt die Gesellschaft gemeinsam mit einem weiteren
            Geschäftsführer.",1
"Aufgrund der noch immer bestehenden Corona-Pandemie und dem Ukraine Krieg entstehen
            zahlungswirksame Verluste, welche die Vermögens-, Finanz- und Ertragslage der Gesellschaft
            im Jahr 2022 belasten werden. Durch die staatlichen Darlehensprogramme, welche vom
            Gesetzgeber beschlossen sind, können wir den wirtschaftlichen Schaden für das Unternehmen
            abmildern. Wir gehen davon aus, dass die corona- und kriegsbedingten Absatzeinbrüche
            nicht dauerhaft sein werden und in absehbarer Zukunft sich die Investitionstätigkeit
            bei den Kunden wieder erhöhen wird.",1
Besondere Ereignisse nach dem Abschlussstichtag,1
"Die Angabe der Gesamtbezüge der Mitglieder des Geschäftsführungsorgans unterbleibt
            gem. § 286 Abs. 4 HGB.",1
Entwicklung des Anlagevermögen in der Zeit vom 1. Januar bis 31. Dezember 2021,1
Entwicklung des Anlagevermögens im Geschäftsjahr 2013/2014,1
"Crest Ultrasonics Corp., PO Box 7226, Scotch Road, Trenton, NJ 08628",1
Entwicklung des Anlagevermögens 2021 (Bruttodarstellung),1
"Der Geschäftsführer ist alleinvertretungsberechtigt und von den Beschränkungen des
            § 181 BGB befreit.",1
"Dietmar Nagel, Kaufmann",1
"Die Vermögensgegenstände des Sachanlagevermögens werden zu Anschaffungskosten bzw.
            Herstellkosten bewertet und über die betriebsgewöhnliche Nutzungsdauer linear abgeschriebenen.
            Außerplanmäßige Abschreibungen waren nicht vorzunehmen. Bezüglich der Entwicklung
            des Anlagevermögens wird auf den als Anlage beigefügten Anlagespiegel verwiesen.",1
Anlagenspiegel 01.01. - 31.12.2021,1
"Ab dem 01.01.2020 besteht ein Ergebnisabführungsvertrag mit der Gesellschafterin Pittler
            T&S GmbH.",1
"Diese Entwicklungen können das Geschäft der Nosta GmbH in Bezug
            auf russische Auftraggeber, Kunden oder Banken beeinflussen. Des Weiteren
            können Preissteigerungen bei Energie- und Rohstoffen sowie Lieferengpässe
            durch den Konflikt zwischen Russland und der Ukraine entstehen, die
            derzeit nicht abschließend abzusehen sind. Die der Nosta GmbH bekannten
            Abschätzungen und Annahmen für das Geschäftsjahr sind im Prognosebericht
            berücksichtigt.",1
"Im Rahmen eines Asset Deals erwarb die Nosta GmbH zu Beginn des
            Geschäftsjahres 2022 sämtliche Vermögensgegenstände sowie bestimmte
            Verbindlichkeiten des Handelsbetriebs der MSC GmbH, die im Bereich
            der Produktentwicklung über CAD-Konstruktionen, der Dreh- und Fräsbearbeitung
            bis hin zu der Baugruppenmontage und Vorfertigung von kompakten Maschinenelementen
            und kompletten Systemlösungen tätig ist. Hierdurch verfolgt die Nosta
            GmbH eine kontinuierliche Verbesserung der Produktqualität sowie die
            Diversifikation des Produktportfolios.",1
"Es bestehen Forderungen gegen Organmitglieder in Höhe von 61,7 TEuro. Die Forderungen
            werden mit 5,5 % bzw. 7,0 % p.a. verzinst und sind nicht besichert.",1
"Frau Angelika Szczesny-Kluge (Vorsitzende, Rentnerin)",1
"Angesichts der sich fast täglich verändernden weltwirtschaftlichen Lage durch die
            Coronavirus-Pandemie, der Situation in der Ukraine und den hieraus resultierenden
            Problemen in den Lieferketten, sind die Auswirkungen auf unser Unternehmen derzeit
            nicht konkret abzuschätzen.",1
Entwicklung des Anlagevermögens vom 01. Januar bis zum 31. Dezember 2007,1
"Persönlich haftender Gesellschafter der DESCH Antriebstechnik GmbH & Co. KG ist die
            Desch Verwaltungs GmbH, Arnsberg, mit einem gezeichneten Kapital von € 26.000,00.",1
"Die Gesellschaft ist an der Heinrich Desch GmbH, Arnsberg, mit einer Quote von 100
            % beteiligt. Das Eigenkapital der Heinrich Desch GmbH beläuft sich zum 31. Dezember
            2007 auf T€ 2.613. Das Ergebnis T€ 154 (Vj.: T€ 144) der Heinrich Desch GmbH, Arnsberg,
            wird aufgrund eines Ergebnisabführungsvertrages mit der DESCH KG in voller Höhe an
            diese abgeführt.",1
"Die Gesamtbezüge der früheren Mitglieder der Geschäftsführung betragen TEUR 14. Die
            für diese Personen gebildeten Rückstellungen für laufende Pensionen betragen am 31.
            Dezember 2021 TEUR 228.",1
"Im Frühjahr 2022 wurde der bisherige Kreditrahmenvertrag mit der Commerzbank AG, Frankfurt
            am Main, durch einen Avalrahmenvertrag ersetzt. Der Rahmen besteht weiterhin über
            Mio. EUR 3,0. Als Sicherheit dient die Verpfändung eines bei einer Bank hinterlegten
            Kontoguthabens.",1
5. 8 Ereignisse nach dem Abschlussstichtag,1
Historische Anschaffungs- und Herstellungskosten,1
Kumulierte Abschreibungen,1
"AfA = Abschreibungen, AHK = Anschaffungs- und Herstellungskosten",1
"Nach dem Einmarsch der russischen Streitkräfte in die Ukraine und dem sich ausweitenden
            Kriegsgeschehen wird mit fortwährenden Auswirkungen auf die globalen Lieferketten,
            Energieversorgung und Preise gerechnet, die auch Laetus betreffen werden. Im Moment
            sehen wir noch keine wesentlichen negativen Auswirkungen auf die Vermögens-, Finanz-
            und Ertragslage unserer Gesellschaft.",1
8. Gewinnverwendung,1
3 Entwicklung des Anlagevermögens zum 31. Dezember 2021,1
Die liquiden Mittel wurden zum Nennwert angesetzt.,1
4. Vorgänge von besonderer Bedeutung,1
"Forderungen gegen Gesellschafter bestehen am Abschlussstichtag
            in Höhe von 107 T€ (Vorjahr: 1.903 T€).",1
5. Angaben zum Mutterunternehmen,1
"Die anhaltend negativen Auswirkungen der Coronavirus-Pandemie sowie
            der Krieg in der Ukraine können sich auch im Geschäftsjahr 2022 negativ
            auf die Vermögens-, Finanz- und Ertragslage der Gesellschaft auswirken.
            Die Quantifizierung dieser Auswirkungen vor allem auf Auftragseingang,
            Umsatzerlöse und Liquidität ist weiterhin mit großen Unsicherheiten
            behaftet.",1
Anhang,1
Prognose,1
Chancen,1
Anlagenspiegel (§ 284 Abs. 3 HGB),1
Verbindlichkeiten sind mit dem Erfüllungsbetrag passiviert.,1
"Bezüglich der Angaben bei Verrechnung von Vermögensgegenständen und Schulden (§ 285
            Nr. 25 HGB) siehe Abschnitt IV.3. des Anhangs.",1
"Die immateriellen Vermögensgegenstände und das Sachanlagevermögen sind zu Anschaffungs-
            bzw. Herstellungskosten abzüglich planmäßiger Abschreibungen bilanziert worden. Für
            Werkzeuge und bestimmte Reserveteile besteht ein Festwert. Die planmäßigen Abschreibungen
            erfolgen nach der linearen Methode unter Zugrundelegung der folgenden betriebsgewöhnlichen
            Nutzungsdauern:",1
Die Zusammensetzung und Entwicklung des Anlagevermögens ist im Anlagenspiegel dargestellt:,1
"Auf temporäre Differenzen zwischen den steuerlichen Wertansätzen und den Ansätzen
            in der Handelsbilanz werden latente Steuern ermittelt. Die sich daraus insgesamt ergebende
            Steuerbelastung wird passivisch ausgewiesen. Für die Bewertung wird ein unternehmensindividueller
            Steuersatz von 33% zu Grunde gelegt.",1
"Die Rückstellungen für Pensionen werden nach anerkannten versicherungsmathematischen
            Grundsätzen unter Anwendung der „Project-Unit-Credit-Methode“ ermittelt. Als biometrische
            Rechnungsgrundlagen wurden die „Richttafeln 2018 G“ von Prof. Dr. Klaus Heubeck zugrunde
            gelegt. Die Bewertung erfolgt unter Berücksichtigung einer durchschnittlichen Fluktuation
            nach AON-Standard, einem Gehaltstrend und einem Beitragsbemessungsgrenzen-Trend von
            jeweils 2,0% sowie einem Rententrend von 1,0% bis 1,5%. Die Berechnung erfolgte unter
            der Annahme einer durchschnittlichen Restlaufzeit von 15 Jahren sowie gem. § 253 Abs.
            2 Satz 1 HGB mit dem durchschnittlichen Marktzinssatz aus den vergangenen zehn Jahren
            in Höhe von 1,87%.",1
"Der Jahresabschluss der Gesellschaft geht in den Konzernabschluss der ARKU Maschinenbau
            GmbH, Baden-Baden, ein. Der Konzernabschluss der ARKU Maschinenbau GmbH, Baden-Baden,
            wird im Bundesanzeiger offengelegt.",1
Anlagen zum Anhang,1
- Herr Dr. Tim Nikolaou,1
"ANLAGENSPIEGEL Jochen Brill Hallen- und Industriebau GmbH, Lennestadt zum 31. Dezember
            2021",1
"Nach dem Schluss des Geschäftsjahres sind folgende Vorgänge von besonderer Bedeutung,
            eingetreten; Der Krieg in der Ukraine sorgt für steigende Preise für Rohstoffe und
            Energie.",1
"Die Jochen Brill Hallen- und Industriebau GmbH wurde in den Konzernabschuss der Jochen
            Brill Vermögens,- Verwaltungs- und Beteiligungsgesellschaft mbH & Co. KG einbezogen.",1
"Hinsichtlich der Zusammensetzung und Entwicklung des Anlagevermögens im Geschäftsjahr
            2021 wird auf den beigefügten Anlagenspiegel verwiesen.",1
"Die sonstigen Rückstellungen sind mit dem Betrag ausgewiesen, der unter Beachtung
            des Vorsichtsprinzips bei vernünftiger kaufmännischer Beurteilung anzusetzen ist.
            Sie berücksichtigen alle erkennbaren Risiken und ungewisse Verbindlichkeiten.",1
"Währungsforderungen und Währungsverbindlichkeiten wurden bei einer Restlaufzeit von
            unter einem Jahr mit dem Devisenkassamittelkurs am Bilanzstichtag umgerechnet. Erträge
            und Verluste aus der Währungsumrechnung werden gesondert unter den sonstigen betrieblichen
            Erträgen bzw. Aufwendungen ausgewiesen.",1
Die geleisteten Anzahlungen sind ohne Umsatzsteuer ausgewiesen.,1
Anlagespiegel zum 31. Dezember 2021 gem. § 268 Abs. 2 HGB,1
Erläuterungen gemäß § 327 HGB,1
Bruttoanlagenspiegel,1
Vorschlag zur Ergebnisverwendung,1
"Der Jahresanfang 2022 war durch die 4. Corona-Welle bestimmt und führte national zeitweise
            zu höheren Krankheitsquoten bei gleichzeitig ansteigender Nachfrage. Dies und die
            weiteren Folgewirkungen auf die Gesamtwirtschaft wie massive Teuerungen der Rohstoffe
            sowie der Fracht- und Energiekosten führten zu operativen Herausforderungen und zeitweise
            eingeschränkter Lieferfähigkeit. Inwiefern sich weitere Auswirkungen auch im weiteren
            Verlauf von 2022 ergeben werden, kann aktuell schwierig abgeschätzt werden.",1
"Zudem schwächen immer wieder neue Corona-Virus-Ausbrüche weiterhin die Weltwirtschaft.
            Hier entsteht die Gefahr der Unterbrechung der Lieferketten. Hieraus sind erhebliche
            Einschränkungen der eigenen Geschäftsprozesse und damit verbundene operative Risiken
            mit ebenfalls negativen Auswirkungen und neuen Anforderungen an die strategische Ausrichtung
            zu erwarten.",1
"Der Konzernabschluss mit Konzernlagebericht der KraussMaffei Company Limited wird
            im elektronischen Bundesanzeiger veröffentlicht. Der Konzernabschluss der China National
            Chemical Corporation ist öffentlich nicht verfügbar.",1
"Die Entwicklung des Anlagevermögens sowie die Abschreibungen des Geschäftsjahres für
            die Einzelposten des Anlagevermögens ergeben sich aus dem nachfolgenden Anlagenspiegel.",1
Entgeltlich erworbener Firmenwert,1
Die Verbindlichkeiten werden mit dem Erfüllungsbetrag angesetzt.,1
"Ein wesentliches Ereignis nach dem Bilanzstichtag ist der Beginn des Angriffskrieges
            Russlands gegen die Ukraine am 24. Februar 2022. In der Folge wurden die Sanktionen
            gegen Russland nochmals verschärft. Die Gesellschaft hat die Geschäftsbeziehungen
            zu Kunden in Russland bis auf weiteres ausgesetzt. Als weitere Folge des Krieges und
            einer sich verschärfenden Corona-Pandemie in China ist es zu einer weiteren Preissteigerungsrunde
            bei wesentlichen Zukaufteilen gekommen. Die Lieferfähigkeit einzelner Bauteile und
            Lieferanten hat sich weiter verschlechtert. Diese Entwicklung auf den Beschaffungsmärkten
            kann negative Auswirkungen auf die Finanz- und Ertragslage der Gesellschaft haben.",1
4. Angaben zu derivativen Finanzinstrumenten,1
Die Nutzungsdauern der immateriellen Vermögensgegenstände und Sachanlagen betragen:,1
II. Angaben und Erläuterungen zu den einzelnen Posten,1
"Die Kapitalanteile sind zum Nennbetrag angesetzt und werden nach Saldierung mit den
            kumulierten Ergebnisanteilen sowie den Einlagen und Entnahmen ausgewiesen.",1
"Die Angaben zum Gesamthonorar des Abschlussprüfers sind in einem das Unternehmen einbeziehenden
            Konzernabschluss enthalten.",1
AKTIVSEITE:,1
Entwicklung des Anlagevermögens der Julius Schüle Druckguss GmbH,1
"Hinsichtlich der Angabe der Geschäftsführerbezüge wird von der Schutzklausel des §
            286 Abs. 4 HGB Gebrauch gemacht.",1
"Die Berechnung basiert auf versicherungsmathematischem Gutachten der Allianz Lebensversicherung
            AG vom 12.01.2022 sowie gesonderter Mitteilung vom 26.10.2021.",1
ANLAGENSPIEGEL zum 30. Juni 2022,1
H. Sonstige Angaben,1
Die Gewinn- und Verlustrechnung ist nach dem Gesamtkostenverfahren aufgestellt.,1
Entwicklung des Anlagevermögens 1. Oktober 2018 bis 30. September 2019,1
"Nach Abschluss der Geschäftsjahres 2021 sind der Krieg in der Ukraine sowie der Wiederanstieg
            der Infektionszahlen der Corona-Pandemie als Ereignisse von besonderer Bedeutung eingetreten.
            In Folge des Ukraine Krieges bestehen Risiken durch steigende Rohstoff- und Energiepreise,
            eingeschränkte Rohstoffverfügbarkeit sowie einen weiteren Anstieg der Inflationsrate.",1
Das Kommanditkapital ist in voller Höhe eingezahlt.,1
Bruttoanlagespiegel zum 31.12.2021,1
"Darüber hinaus sind nach dem Ende des Geschäftsjahres keine Ereignisse eingetreten,
            die eine besondere Auswirkung auf die Vermögens-, Finanz- und Ertragslage haben.",1
"Die Geschäftsführung schlägt vor, aus dem Jahresüberschuss zuzüglich des Gewinnvortrags
            einen Teilbetrag von TEUR 1.000 auszuschütten und den verbleibenden Betrag in Höhe
            von TEUR 2.301 auf neue Rechnung vorzutragen.",1
"Das Geschäftsjahr 2021 schließt mit einem Jahresüberschuss in Höhe von TEUR 1.835
            ab. Die Geschäftsführung schlägt vor, den Jahresüberschuss in voller Höhe in die Gewinnrücklagen
            einzustellen.",1
"Zwischen Ende des Geschäftsjahres 2021 bis zur Erstellung des Jahresabschlusses haben
            sich durch den Ukraine Krieg sowie durch die massive inflationäre Preisentwicklung
            auf allen Beschaffungsmärkten negative Veränderungen in den geschäftlichen Rahmenbedingungen
            ergeben. Wir verweisen hierzu auf Kapitel III des Lageberichts.",1
"Die Gesamtbezüge der früheren Geschäftsführer mit Pensionsbezug bzw. deren Hinterbliebenen
            betrugen 41 TEUR (Vorjahr 41 TEUR). Für Pensionsverpflichtungen gegenüber ehemaligen
            Geschäftsführern und ihren Hinterbliebenen sind 327 TEUR (Vorjahr 338 TEUR) zurückgestellt.",1
"Erworbene immaterielle Vermögensgegenstände und das Sachanlagevermögen sind zu Anschaffungs-
            oder Herstellungskosten bilanziert. In die Herstellungskosten sind neben den Einzelkosten
            auch anteilige Gemeinkosten und durch die Fertigung veranlasste Abschreibungen mit
            einbezogen. Die Anschaffungs- bzw. Herstellungskosten werden, sofern sie der Abnutzung
            unterliegen, entsprechend ihrer betriebsgewöhnlichen Nutzungsdauer um planmäßige lineare
            Abschreibungen vermindert. Folgende Abschreibungsmethoden werden angewandt:",1
Anlagespiegel 31.12.2021 HGB,1
"Die Muttergesellschaft KOGNITEC Vertriebs & Service GmbH wurde zum 23. Juni 2022 in
            die KOGNITEC Holding GmbH umbenannt und der Geschäftssitz von Höhenkirchen-Siergertsbrunn
            nach Wertheim verlegt.",1
"Der erzielte Gewinn wird im Rahmen des Ergebnisabführungsvertrages an die Muttergesellschaft
            KOGNITEC Vertriebs & Service GmbH, Höhenkirchen-Siergertsbrunn abgeführt.",1
Entwicklung des Anlagevermögens für das Geschäftsjahr vom 01.01.2021 bis zum 31.12.2021,1
5. Ergebnisverwendungsvorschlag,1
"Die alleinige Gesellschafterin der Inovatools Eckerle & Ertel GmbH, Kinding-Haunstetten,
            ist die Indutrade AB (publ.), Kista/Schweden. Der Jahresabschluss der Inovatools Eckerle
            & Ertel GmbH, Kinding-Haunstetten, wird in den Konzernabschluss der Indutrade AB (publ.)
            (CIN 556017-9367), Kista/Schweden, einbezogen. Die Indutrade AB (publ.) stellt den
            Konzernabschluss für den kleinsten und für den größten Konsolidierungskreis auf. Der
            Konzernabschluss kann seit 15.03.2022 am Sitz der Gesellschafterin (Indutrade AB (publ.),
            Raseborgsgatan 8, SE-164 06 Kista, Schweden) eingesehen oder von deren Website www.indutrade.com
            heruntergeladen werden.",1
Die Nutzungsdauer beträgt:,1
"der Agathon GmbH & Co. KG, Bottrop",1
"Bei der Krämer Verwaltungsgesellschaft mbH bestehen Prokura zugunsten Frau Lisa Victoria
            Schiesser, Bottrop, Frau Jana Rumi, Bottrop, Herrn Bernd Wilming, Datteln sowie Frau
            Manuela Aldenhoff, Schermbeck.",1
"Persönlich haftende Gesellschafterin ist die Krämer Verwaltungsgesellschaft mbH, Bottrop,
            mit einem Stammkapital von TEUR 25.",1
"Quantitative Angaben zum Einfluss auf die Vermögens-, Finanz- und Ertragslage der
            Gesellschaft sind zum aktuellen Zeitpunkt nicht zuverlässig möglich.",1
"Die Gesellschaft beschäftigt im Jahresdurchschnitt 175 Arbeitnehmer (davon 68 Angestellte
            und 107 gewerbliche Arbeitnehmer) sowie 21 Auszubildende.",1
"Die gesetzlichen Vertreter sind verantwortlich für die Aufstellung des Jahresabschlusses,
            der den deutschen, für Kapitalgesellschaften geltenden handelsrechtlichen Vorschriften
            in allen wesentlichen Belangen entspricht, und dafür, dass der Jahresabschluss unter
            Beachtung der deutschen Grundsätze ordnungsmäßiger Buchführung ein den tatsächlichen
            Verhältnissen entsprechendes Bild der Vermögens-, Finanz- und Ertragslage der Gesellschaft
            vermittelt. Ferner sind die gesetzlichen Vertreter verantwortlich für die internen
            Kontrollen, die sie in Übereinstimmung mit den deutschen Grundsätzen ordnungsmäßiger
            Buchführung als notwendig bestimmt haben, um die Aufstellung eines Jahresabschlusses
            zu ermöglichen, der frei von wesentlichen - beabsichtigten oder unbeabsichtigten -
            falschen Darstellungen ist.",1
"Die Angabe über die Gesamtbezüge des Geschäftsführers unterbleibt nach § 286 Abs.
            4 HGB.",1
"Nach dem Ende des Geschäftsjahres eingetretene Vorgänge von besonderer Bedeutung,
            die eine Auswirkung auf die Vermögens-, Finanz- und Ertragslage der Gesellschaft mit
            Auswirkungen auf die Aussagekraft des Jahresabschlusses 2018 haben können, haben sich
            nicht ergeben.",1
Es wurde von der Schutzklausel gemäß § 286 HGB Gebrauch gemacht.,1
wöhnlicher Bedeutung,1
"Wir hoffen, dass wir in diesem Umfeld als Betroffene auch weiterhin die Produktion
            aufrecht erhalten und die Arbeitsplätze sichern können.",1
"Besorgniserregend sind auch die mittlerweile hohen Flüchtlingszahlen, vor allem in
            Deutschland, die Blockbildung Russland mit China gegen die westlichen Länder wie zu
            Zeiten des kalten Krieges sowie die unverhohlenen Drohungen Chinas gegenüber Taiwan.",1
"Angaben zu den Bezügen des Geschäftsführers sind im Hinblick auf § 286 Abs. 4 HGB
            unterblieben.",1
"Die imes-icore GmbH wird in den Konzernabschluss der imes-icore Holding GmbH, Eiterfeld,
            zum 31.12.2021 einbezogen, der den größten und kleinsten Konsolidierungskreis darstellt.",1
"Die Geschäftsführung schlägt der Gesellschafterversammlung vor, den Jahresüberschuss
            für das Geschäftsjahr 2021 auf neue Rechnung vorzutragen.",1
- Herrn Markus Binder,1
2. Mitarbeiter,1
vom 1. Januar bis 31. Dezember 2021,1
"Die Geschäftsführung schlägt vor, den Jahresüberschuss auf neue
            Rechnung vorzutragen.",1
5.6 Arbeitnehmer,1
"beurteilen wir die Gesamtdarstellung, den Aufbau und den Inhalt des Jahresabschlusses
            einschließlich der Angaben sowie ob der Jahresabschluss die zugrunde liegenden Geschäftsvorfälle
            und Ereignisse so darstellt, dass der Jahresabschluss unter Beachtung der deutschen
            Grundsätze ordnungsmäßiger Buchführung ein den tatsächlichen Verhältnissen entsprechendes
            Bild der Vermögens-, Finanz- und Ertragslage der Gesellschaft vermittelt.",1
Entwicklung des Anlagevermögens des Geschäftsjahres 2010,1
"Der Betrag der für frühere Organmitglieder und ihre Hinterbliebenen gebildeten Pensionsrückstellungen
            beläuft sich auf T-EUR 850.",1
i) Ergebnisverwendungsvorschlag,1
"Die Gesellschaft wird mittels Vollkonsolidierung in die Konzernabschlüsse einbezogen,
            die im Bundesanzeiger offengelegt werden.",1
"Anlagengitter
            - Entwicklung des Anlagevermögens 2012",1
Unsere Prüfung hat zu keinen Einwendungen geführt.,1
Bestätigungsvermerk des Abschlussprüfers,1
3. Ergebnisverwendungsvorschlag,1
"Im Grundbuch sind für ein Kreditinstitut Grundschulden auf das Betriebsgrundstück
            in Pforzheim in Höhe von TEUR 3.045 eingetragen. Die Löschungsbewilligung des Kreditinstituts
            hierzu liegt vor.",1
"26. Die im Handelsregister eingetragenen Hafteinlagen der Kommanditisten betragen
            € 900.000,00.",1
23. Im Durchschnitt wurden 136  (Vorjahr: 137) Arbeitnehmer (63 gewerbliche und 73 kaufmännische) beschäftigt.,1
Entwicklung des Anlagevermögens in der Zeit vom 1. Januar bis zum 31. Dezember 2021,1
"Der militärische Konflikt in der Ukraine und dessen Auswirkungen haben zum jetzigen
            Zeitpunkt geringen Einfluss auf den Geschäftsverlauf. Die weiteren Auswirkungen auf
            die Weltwirtschaft können jedoch noch nicht abgesehen werden.",1
"Persönlich haftende Gesellschafterin der Gebr. Lennartz GmbH & Co. KG ist die Lennartz
            Verwaltungsgesellschaft m.b.H., Remscheid. Die Komplementärin hat eine Einlage von
            EUR 76.693,78 (= DM 150.000,00) geleistet. Das Stammkapital der Verwaltungsgesellschaft
            beträgt EUR 46.016,27 (= DM 90.000,00).",1
"Es liegen keine Vorgänge von besonderer Bedeutung für das Geschäftsjahr vor, die nach
            Schluss des Geschäftsjahres eingetreten sind und weder in der Bilanz noch in der Gewinn-
            und Verlustrechnung berücksichtigt sind (§ 285 Nr. 33 HGB).",1
"Die Steuer- und sonstigen Rückstellungen werden jeweils in Höhe des Betrages angesetzt,
            der nach vernünftiger kaufmännischer Beurteilung erforderlich ist, um die voraussichtlichen
            künftigen Zahlungsverpflichtungen oder Aufwendungen abzudecken. Die Rückstellungen
            berücksichtigen alle erkennbaren Risiken und ungewissen Verpflichtungen. Kosten- und
            Preissteigerungen wurden berücksichtigt. Die Rückstellungen mit einer Restlaufzeit
            von mehr als einem Jahr sind mit dem ihrer Restlaufzeit entsprechenden durchschnittlichen
            Marktzins der vergangenen sieben Jahre abgezinst worden. Die von der Deutschen Bundesbank
            ermittelten und bekanntgegebenen Abzinsungssätze wurden jeweils berücksichtigt.
         

         Die Verbindlichkeiten werden mit den Erfüllungsbeträgen angesetzt.
         

         Für die Berechnung etwaiger latenter Steuern wird ein Steuersatz von 29 % für Körperschaftsteuer,
            Solidaritätszuschlag und Gewerbesteuer zugrunde gelegt. In der Bilanz erfolgt ein
            saldierter Ausweis der aktiven und passiven latenten Steuern. Ein sich ergebender
            Überhang an aktiven latenten Steuern i. S. d. § 274 Abs. 1 S. 2 HGB wird nicht angesetzt.
            Passive latente Steuern sind nicht angefallen.
         


          IV. Angaben zur Bilanz
         


          a)
         

          Allgemeines
         

         Besondere Umstände, die dazu führen, dass der Jahresabschluss ein den tatsächlichen
            Verhältnissen entsprechendes Bild der Vermögens-, Finanz- und Ertragslage nicht vermittelt,
            liegen nicht vor.
         


          b)
         

          Bilanz
         

         Die Entwicklung des Anlagevermögens ist im einzelnen im folgenden Anlagespiegel dargestellt:",1
"Liefer- und Leistungsbeziehungen nach Russland und in die Ukraine bestehen nicht,
            so dass derzeit keine wesentlichen Auswirkungen auf die Vermögenslage erkennbar sind.
            Gleichwohl wird die Ertragslage derzeit durch steigende Energie- und Rohstoffpreise
            belastet und es sind geeignete Maßnahmen zur Kompensation erforderlich.",1
"Durch das Hochwasser im Juli 2021 ist dem Unternehmen ein nicht unerheblicher Schaden
            entstanden. Die Folgen des Hochwassers sind noch immer nicht vollständig beseitigt.
            Es wurde ein Antrag auf öffentliche Förderung zur Beseitigung der Flutschäden eingereicht,
            über welchen noch nicht abschließend entschieden ist. Für das Unternehmen besteht
            auch ohne die Gewährung zusätzlicher Mittel keine Bestandsgefährdung.",1
"Die Steuerrückstellungen und die sonstigen Rückstellungen wurden für alle weiteren
            ungewissen Verbindlichkeiten in Höhe des nach vernünftiger kaufmännischer Beurteilung
            notwendigen Erfüllungsbetrages gebildet. Dabei wurden alle erkennbaren Risiken berücksichtigt.",1
6.7. Ergebnisverwendungsvorschlag,1
"Das aufgeschlüsselte Gesamthonorar des Abschlussprüfers wird der Wirtschaftsprüferkammer
            gemäß § 288 Abs. 2 Satz 2 HGB auf schriftliche Anforderung übermittelt.",1
Zum Geschäftsführer war im Geschäftsjahr bestellt:,1
"Das Finanzanlagevermögen ist mit den Anschaffungskosten bewertet. Auf den nach allgemein
            anerkannten Bewertungsmethoden ermittelten beizulegenden Wert waren Abschreibungen
            wegen des gemilderten Niederstwertprinzips (§ 253 Abs. 3 Satz 6 HGB) nicht erforderlich,
            weil wir den US-Markt als attraktiv und nachhaltig einschätzen. Angaben des Zeitwerts
            zum Stichtag dieser Gesellschaft sind nicht praktikabel. Die Ausleihungen an unsere
            US-Tochtergesellschaft wurden wegen deren Rechtsform wie ein variables Kapitalkonto
            auf Basis der geplanten Erträge mittels eines Impairment-Tests bewertet. Die Ertragsplanungs-Ergebnisse
            wurden mit 12 % abgezinst.",1
"Die Gesellschaft agiert selbständig in ihrem Marktsegment. Sofern die Gesellschaft
            Geschäfte mit nahestehenden Personen oder Unternehmen tätigt, schließt die Gesellschaft
            diese zu marktüblichen Bedingungen wie unter Fremden ab.",1
"In Bezug auf COVID 19 und den Ukraine-Russland Konflikt verweisen wir auf die Ausführungen
            im Lagebericht. Weitere Vorgänge von besonderer Bedeutung, die sich auf den Jahresabschluss
            und/oder den Lagebericht der Gesellschaft für das zum 30. April 2022 endende Geschäftsjahr
            auswirken, sind nicht bekannt geworden.",1
Beziehungen zum Mutterunternehmen,1
"Der Einmarsch der russischen Streitkräfte in die Ukraine am 24.02.2022 und das aktuelle
            Kriegsgeschehen stellen ein Ereignis dar, das Auswirkungen auf die globale Wirtschaft
            sowie die Rohstoff-, Güter- und Finanzmärkte hat und damit auch die wirtschaftliche
            Entwicklung unseres Unternehmens beeinflussen kann.",1
2. Konzernzugehörigkeit,1
VI. Vorgänge von besonderer Bedeutung nach Schluss des Geschäftsjahres,1
"Die Geschäftsführer schlagen vor, den Jahresüberschuss zusammen mit dem Gewinnvortrag
            auf neue Rechnung vorzutragen.",1
"Im Geschäftsjahr wurden durchschnittlich 156  (Vorjahr: 150) Arbeitnehmer beschäftigt. Davon waren 99 gewerbliche Arbeitnehmer
            und 57 Angestellte. Die Auszubildenden wurden nicht berücksichtigt (§ 285 Nr. 7 HGB).
            Auch nicht geringfügig Beschäftigte und Mitarbeiterinnen in Elternzeit.",1
Es wurde von folgenden Nutzungsdauern ausgegangen:,1
5. Mutterunternehmen,1
"Bedingt durch die Knappheit elektronischer Bauteile baut sich auch nach dem Bilanzstichtag
            der Vorratsbestand unfertiger Erzeugnisse auf. Zur Finanzierung des steigenden working
            capitals werden wir kurzfristige Kontokorrentlinien in Höhe von voraussichtlich TEUR
            20.000 aufnehmen.",1
"Vorgänge von besonderer Bedeutung
         
         für die Vermögens-, Finanz- und Ertragslage nach Schluss des Geschäftsjahres sind
            wie folgt eingetreten:",1
"Im Geschäftsjahr 2021 erfolgte die
         
          Geschäftsführung
         
         der Gesellschaft durch den alleinigen Geschäftsführer Herrn Dr. Frank Grote, Marburg.
            Auf die Angabe der Geschäftsführerbezüge wird gem. § 286 Abs. 4 HGB verzichtet.",1
"Die Aufgliederung und Entwicklung der Anlagenwerte ist dem Anlagenspiegel
            zu entnehmen.",1
"Zur Fremdwährungsumrechnung ist festzustellen, dass die betroffenen
            Vermögensgegenstände und Schulden im Zeitpunkt des Zugangs mit dem
            jeweiligen Devisenkassamittelkurs umgerechnet werden.",1
"Die aktiven Rechnungsabgrenzungsposten betreffen Ausgaben vor dem
            Abschlussstichtag, die Aufwand für eine bestimmte Zeit nach diesem
            Tage darstellen; die Auflösung des Postens erfolgt linear entsprechend
            dem Zeitablauf.",1
"Die Nutzungsdauer orientiert sich an der steuerlichen AfA-Tabelle. Die Abschreibung
            erfolgt überwiegend linear über folgende Nutzungsdauern:",1
Entwicklung des Anlagevermögens vom 1. Januar bis 31. Dezember 2021,1
(7) Nachtragsbericht,1
(6) Konzernabschluss,1
Entwicklung des Anlagevermögens in der Zeit vom 1. Juli 2017 bis zum 30. Juni 2018,1
"Aus begonnenen Investitionsvorhaben ergeben sich keine weiteren Verpflichtungen. Aus
            Leasingverträgen bestehen Verpflichtungen in Höhe von 9 T€ (VJ: 14 T€) p.a. innerhalb
            der folgenden 3 Geschäftsjahre. Weitere Leasingverpflichtungen bestehen nicht. Daneben
            besteht das übliche Bestellobligo aus der laufenden Geschäftstätigkeit.",1
(5) Eigenkapital,1
"Betreffend der Auswirkungen des Corona-Virus (COVID-19) verweisen wir auf unsere Ausführungen
            im Lagebericht.",1
"Persönlich haftende Gesellschafterin ist die KFH Verwaltungs-GmbH, Tuttlingen, mit
            einem gezeichneten Kapital in Höhe von EUR 25.000,00.",1
IV.	Ergebnisverwendungsvorschlag,1
"Geschäftsführer im Geschäftsjahr 2021 war Herr Michael Bauser, Diplom-Ingenieur, Wehingen.",1
7. Ergebnisverwendung,1
"Die Ermittlung der Arbeitnehmerzahl wurde entsprechend der Bestimmung in § 267 Abs.
            5 HGB vorgenommen, wonach als durchschnittliche Zahl der Arbeitnehmer der vierte Teil
            der Summe aus den Zahlen der jeweils am Quartalsende beschäftigten Arbeitnehmer gilt,
            jedoch ohne die zu ihrer Berufsausbildung Beschäftigten.",1
"Im Übrigen verweisen wir auf die Ausführungen im Risikobericht und Prognosebericht
            des vorliegenden Lageberichts.",1
"Aufgrund der Entwicklung der Kurswerte bis zum Zeitpunkt der Bilanzaufstellung handelt
            es sich nicht um eine voraussichtlich dauernde Wertminderung.",1
"Ein entgeltlich erworbener Geschäfts- oder Firmenwert ist aktiviert. Als betriebsgewöhnliche
            Nutzungsdauer werden nach § 253 (3) HGB 10 Jahre festgelegt, da die voraussichtliche
            Nutzungsdauer nicht verlässlich geschätzt werden kann.",1
"Forderungen und Verbindlichkeiten in Fremdwährung, deren Restlaufzeit nicht mehr als
            ein Jahr beträgt, wurden mit dem Devisenkassamittelkurs am Bilanzstichtag bewertet.
            Der hierfür verwendete Wechselkurs zum 31.12.2021 lag für USD/EUR bei 0,88 EUR und
            der Wechselkurs CHF/EUR bei 0,97 EUR. Alle übrigen Fremdwährungsforderungen (Fremdwährungsverbindlichkeiten)
            werden angepasst, soweit dies nach dem Niederstwertprinzip (Höchstwertprinzip) notwendig
            ist. In 2021 war keine Anpassung notwendig.",1
"Die Entwicklung der immateriellen Vermögensgegenstände sowie der Sach- und Finanzanlagen
            stellt sich wie folgt dar:",1
"Die Wertansätze der Eröffnungsbilanz des Geschäftsjahres stimmen mit denen der Schlussbilanz
            des vorangegangenen Geschäftsjahres überein. Die Vermögensgegenstände und Schulden
            wurden einzeln bewertet. Bei der Bewertung wurde von der Fortführung des Unternehmens
            ausgegangen.",1
"2. Bilanzierungs- und Bewertungsgrundsätze / Erläuterungen zur Bilanz und zur Gewinn-
               und Verlustrechnung",1
"Die Aufgliederung und Entwicklung der Anlagenwerte ist aus dem Anlagenspiegel zu entnehmen.
            Die Geschäftsjahresabschreibung je Posten der Bilanz ist ebenfalls aus dem Anlagenspiegel
            zu entnehmen.",1
"Geschäftsvorfälle in fremder Währung
         
         werden mit dem Devisenkassamittelkurs am Abschlussstichtag bewertet. Bei Laufzeiten
            von bis zu einem Jahr finden gemäß § 256a HGB das Realisations- und das Anschaffungskostenprinzip
            bei der Bewertung keine Anwendung.",1
"Die
         
          Steuerrückstellungen
         
         beinhalten das Geschäftsjahr sowie die Vorjahre betreffende, noch nicht veranlagte
            Steuern.",1
"Entwicklung des Anlagevermögens der Helmerding hiw Maschinen GmbH, Bad Oeynhausen,
            im Geschäftsjahr 2020",1
"Die Angaben nach § 285 Nr. 17 HGB (Abschlussprüferhonorar) sind in Anwendung der Erleichterungsvorschrift
            des § 288 Abs. 2 HGB unterblieben.",1
Angaben zu Mutterunternehmen und zu Konzernabschluss,1
"Die Aufgliederung der Anlagepositionen und ihre Entwicklung im
            Geschäftsjahr 2021 sind aus der beigefügten Entwicklung des Anlagevermögens
            ersichtlich.",1
"Aus Gründen der Übersichtlichkeit entsprechen die Gliederungspunkte
            der folgenden Angaben dem Gliederungsschema der Bilanz.",1
Die Verbindlichkeiten sind mit ihrem Erfüllungsbetrag angesetzt.,1
Außergewöhnliche Aufwendungen,1
"Herr Christian Barnstedt, CEO (Sprecher der Geschäftsführung)",1
"Im Rumpfgeschäftsjahr 2021 sind keine bestandsgefährdenden Risiken aufgetreten und
            zurzeit auch nicht erkennbar.",1
"Herrn Kurt Mutschlechner, Bruneck.",1
"Die finanziellen Verpflichtungen bestehen im kommenden Jahr in
            Höhe von TEuro 374 (Vorjahr TEuro 867), innerhalb der nächsten 2 bis
            5 Jahre in Höhe von TEuro 653 (Vorjahr TEuro 926), und in mehr als
            5 Jahren in Höhe von TEuro 1 (Vorjahr TEuro 78).",1
Entwicklung des Anlagevermögens im Geschäftsjahr 2019/20,1
IV. Erläuterungen zu den einzelnen Positionen der Bilanz,1
"Die Steuerrückstellungen und die sonstigen Rückstellungen erfassen alle erkennbaren
            Risiken und ungewissen Verbindlichkeiten und sind in Höhe des nach vernünftiger kaufmännischer
            Beurteilung notwendigen Erfüllungsbetrages angesetzt (§ 253 Abs. 1 Satz 2 HGB). Rückstellungen
            mit einer Restlaufzeit von mehr als einem Jahr werden mit dem ihrer Restlaufzeit entsprechenden
            durchschnittlichen Marktzinssatz der vergangenen sieben Geschäftsjahre abgezinst (§
            253 Abs. 2 Satz 1 HGB).",1
Entwicklung des Anlagevermögens 2020,1
"Vorgänge von besonderer Bedeutung nach dem Schluss des Geschäftsjahres i.S.d. § 285
            Nr. 33 HGB sind nicht eingetreten.",1
Durchschnittliche Zahl der während des Geschäftsjahrs beschäftigten Arbeitnehmer,1
1. Posten der Bilanz,1
"Die Steuerrückstellungen und sonstigen Rückstellungen berücksichtigen alle erkennbaren
            Risiken und ungewissen Verpflichtungen, sie sind ausreichend bemessen und nach vernünftiger
            kaufmännischer Beurteilung in der Höhe notwendig.",1
Nach dem Bilanzstichtag gab es keine Vorgänge mit besonderer Bedeutung.,1
ENTWICKLUNG DES ANLAGEVERMÖGENS FÜR DAS GESCHÄFTSJAHR 2021,1
6. Offenlegung,1
"Vom Jahresüberschuss von TEUR 1.142 wird ein Vorabgewinn in Höhe von TEUR 100 ausgeschüttet.
            Der verbleibende Gewinn wird gemäß Gesellschaftsvertrag zu 70% den Gesellschafterverbindlichkeitskonten
            und zu 30% den Gewinnrücklagen gutgeschrieben.",1
"- führe ich Prüfungshandlungen zu den von den gesetzlichen Vertretern dargestellten
            zukunftsorientierten Angaben im Lagebericht durch. Auf Basis ausreichender geeigneter
            Prüfungsnachweise vollziehe ich dabei insbesondere die den zukunftsorientierten Angaben
            von den gesetzlichen Vertretern zugrunde gelegten bedeutsamen Annahmen nach und beurteile
            die sachgerechte Ableitung der zukunftsorientierten Angaben aus diesen Annahmen. Ein
            eigenständiges Prüfungsurteil zu den zukunftsorientierten Angaben sowie zu den zugrunde
            liegenden Annahmen gebe ich nicht ab. Es besteht ein erhebliches unvermeidbares Risiko,
            dass künftige Ereignisse wesentlich von den zukunftsorientierten Angaben abweichen.",1
"- ziehe ich Schlussfolgerungen über die Angemessenheit des von den gesetzlichen Vertretern
            angewandten Rechnungslegungsgrundsatzes der Fortführung der Unternehmenstätigkeit
            sowie, auf der Grundlage der erlangten Prüfungsnachweise, ob eine wesentliche Unsicherheit
            im Zusammenhang mit Ereignissen oder Gegebenheiten besteht, die bedeutsame Zweifel
            an der Fähigkeit der Gesellschaft zur Fortführung der Unternehmenstätigkeit aufwerfen
            können. Falls ich zu dem Schluss komme, dass eine wesentliche Unsicherheit besteht,
            bin ich verpflichtet, im Bestätigungsvermerk auf die dazugehörigen Angaben im Jahresabschluss
            und im Lagebericht aufmerksam zu machen oder, falls diese Angaben unangemessen sind,
            mein jeweiliges Prüfungsurteil zu modifizieren. Ich ziehe meine Schlussfolgerungen
            auf der Grundlage der bis zum Datum meines Bestätigungsvermerks erlangten Prüfungsnachweise.
            Zukünftige Ereignisse oder Gegebenheiten können jedoch dazu führen, dass die Gesellschaft
            ihre Unternehmenstätigkeit nicht mehr fortführen kann.",1
"- identifiziere und beurteile ich die Risiken wesentlicher - beabsichtigter oder unbeabsichtigter
            - falscher Darstellungen im Jahresabschluss und im Lagebericht, plane und führe Prüfungshandlungen
            als Reaktion auf diese Risiken durch sowie erlange Prüfungsnachweise, die ausreichend
            und geeignet sind, um als Grundlage für meine Prüfungsurteile zu dienen. Das Risiko,
            dass wesentliche falsche Darstellungen nicht aufgedeckt werden, ist bei Verstößen
            höher als bei Unrichtigkeiten, da Verstöße betrügerisches Zusammenwirken, Fälschungen,
            beabsichtigte Unvollständigkeiten, irreführende Darstellungen bzw. das Außerkraftsetzen
            interner Kontrollen beinhalten können.",1
"Meine Zielsetzung ist, hinreichende Sicherheit darüber zu erlangen, ob der Jahresabschluss
            als Ganzes frei von wesentlichen - beabsichtigten oder unbeabsichtigten - falschen
            Darstellungen ist, und ob der Lagebericht insgesamt ein zutreffendes Bild von der
            Lage der Gesellschaft vermittelt sowie in allen wesentlichen Belangen mit dem Jahresabschluss
            sowie mit den bei der Prüfung gewonnenen Erkenntnissen in Einklang steht, den deutschen
            gesetzlichen Vorschriften entspricht und die Chancen und Risiken der zukünftigen Entwicklung
            zutreffend darstellt, sowie einen Bestätigungsvermerk zu erteilen, der meine Prüfungsurteile
            zum Jahresabschluss und zum Lagebericht beinhaltet.",1
Das Anlagevermögen hat sich im Geschäftsjahr 2021 im Einzelnen wie folgt entwickelt:,1
"Die
         
          Verbindlichkeiten
         
         wurden zum Erfüllungsbetrag angesetzt.",1
"Rückstellungen für Pensionen
         
         werden mit dem abgezinsten notwendingen Erfüllungsbetrag angesetzt. Sie sind nach
            den anerkannten versicherungsmathematischen Grundsätzen mittels der „Projected-Unit-Credit-Methode“
            (PUC-Methode) errechnet. Als biometrische Rechnungsgrundlagen wurden die „Richttafeln
            2018 G“ von Klaus Heubeck verwendet. Dabei wurde ein von der Deutschen Bundesbank
            vorgegebener durchschnittlicher Marktzinssatz von 1,87% (Vj: 2,30%) bei der Bewertung
            zugrunde gelegt.",1
"Derzeit sind die Auswirkungen des Krieges in der Ukraine auf unser Geschäft minimal,
            da die für uns wichtigen Produktionsstandorte und Lieferwege nicht betroffen sind.
            Generell sind aber deutliche Preisanstiege im Bereich der Energiekosten und Rohstoffkosten
            erkennbar. Dies wird aber durch zusätzliche Preiserhöhungen an unsere Kunden kompensiert.",1
"Die Angabe zu den Honoraren des Abschlussprüfers gemäß § 285 Nr. 17 HGB erfolgt im
            Konzernabschluss der SANDVIK AB.",1
Kinetics Germany GmbH,1
"Wir haben unsere Jahresabschlussprüfung nach § 317 HGB unter Beachtung
            der vom Institut der Wirtschaftsprüfer (IDW) festgestellten deutschen
            Grundsätze ordnungsmäßiger Abschlussprüfung vorgenommen. Danach ist
            die Prüfung so zu planen und durchzuführen, dass Unrichtigkeiten und
            Verstöße, die sich auf die Darstellung des durch den Jahresabschluss
            unter Beachtung der Grundsätze ordnungsmäßiger Buchführung und durch
            den Lagebericht vermittelten Bildes der Vermögens-, Finanz- und Ertragslage
            wesentlich auswirken, mit hinreichender Sicherheit erkannt werden.
            Bei der Festlegung der Prüfungshandlungen werden die Kenntnisse über
            die Geschäftstätigkeit und über das wirtschaftliche und rechtliche
            Umfeld der Gesellschaft sowie die Erwartungen über mögliche Fehler
            berücksichtigt. Im Rahmen der Prüfung werden die Wirksamkeit des rechnungslegungsbezogenen
            internen Kontrollsystems sowie Nachweise für die Angaben in Buchführung,
            Jahresabschluss und Lagebericht überwiegend auf der Basis von Stichproben
            beurteilt. Die Prüfung umfasst die Beurteilung der angewandten Bilanzierungsgrundsätze
            und der wesentlichen Einschätzungen der Geschäftsführung sowie die
            Würdigung der Gesamtdarstellung des Jahresabschlusses und des Lageberichts.
            Wir sind der Auffassung, dass unsere Prüfung eine hinreichend sichere
            Grundlage für unsere Beurteilung bildet.",1
"Zeitzer Guss GmbH, Zeitz",1
Angabe des Orts der Hinterlegung des Konzernabschlusses,1
"Entwicklung
            des Anlagevermögens im Geschäftsjahr 2014",1
"Die Feige Filling GmbH ist ein Tochterunternehmen der Haver &
            Boecker Holding GmbH, Oelde, die wiederum ein Tochterunternehmen der
            Haver & Boecker oHG, Oelde, ist. Die Haver & Boecker oHG stellt
            einen Konzernabschluss auf.",1
bis 30.10.2014,1
"Motan Holding GmbH, Konstanz",1
"Der Aufsichtsrat ist verantwortlich für die Überwachung des Rechnungslegungsprozesses
            der Gesellschaft zur Aufstellung des Jahresabschlusses und des Lageberichts.",1
Bilanz zum 31.12.2021,1
(Anlage zum Anhang),1
"Der im Februar 2022 ausgebrochene Krieg in der Ukraine hat zu Verteuerungen einiger
            Vorprodukte geführt. Um diese Auswirkungen im Griff zu behalten, hat die Gesellschaft
            eine sogenannte temporäre Preisanpassung vorgenommen und größtenteils erfolgreich
            durchsetzen können.",1
c. Ergebnisverwendung,1
"Die Entwicklung der einzelnen Posten des Anlagevermögens ist unter Angabe der Abschreibungen
            des Geschäftsjahres im Anlagenspiegel dargestellt.",1
"Verbindlichkeiten
         
         sind zum Erfüllungsbetrag angesetzt.",1
"Forderungen und sonstige Vermögensgegenstände
         
         sind zum Nennwert angesetzt. Allen risikobehafteten Posten ist durch die Bildung
            angemessener Einzelwertberichtigungen Rechnung getragen; das allgemeine Kreditrisiko
            ist durch pauschale Abschläge berücksichtigt.",1
"Die Wächter Packautomatik Beteiligungs GmbH (Sitz: Bad Wünnenberg-Haaren) hat ein
            gezeichnetes Kapital in Höhe von Euro 25.564,59.",1
Für das Sachanlagevermögen werden folgende Abschreibungsmethoden angewandt:,1
"Gliederung und Entwicklung des Anlagevermögens sind im nachfolgenden Anlagespiegel
            dargestellt:",1
Die Verbindlichkeiten werden mit den Erfüllungsbeträgen angesetzt.,1
"Die aktiven Rechnungsabgrenzungsposten werden entsprechend der periodengerechten Abgrenzung
            der Aufwendungen ermittelt, soweit Zahlungen vor Abschluss des Geschäftsjahres geleistet
            wurden.",1
"Die planmäßigen Abschreibungen werden über die folgenden (gruppeneinheitlichen) Nutzungsdauern
            vorgenommen:",1
Enwicklung des Anlagevermögens,1
"HEESEMANN beabsichtigt Teile des Produktportfolios im eigenen Namen zu produzieren
            und zu vermarkten. HEESEMANN übernimmt darüber hinaus die Produktion und Vermarktung
            der Original Ersatzteile des HOMAG SANDTEQ-Produktportfolios. In Summe wird durch
            die Übernahme des HOMAG SANDTEQ-Produktportfolios eine nennenswerte Umsatzsteigerung
            erwartet.",1
"Auf die Angaben gemäß § 285 Nr. 17 HGB wurde mit Hinweis auf § 288 Abs. 2 Satz 3 HGB
            verzichtet.",1
Entwicklung des Anlagevermögens im Geschäftsjahr 2020 / 2021,1
Das für das Geschäftsjahr berechnete Gesamthonorar des Abschlussprüfers beträgt für:,1
"Zur Absicherung von Zinsänderungsrisiken von Darlehen (Stand 31. Dezember 2021: 38,2
            Mio. €) wurde im Geschäftsjahr 2021 ein Zins-CAP über eine Laufzeit bis zum 30. Juni
            2025 abgeschlossen. Es liegt eine Bewertungseinheit mit einem Grundgeschäft gemäß
            § 254 HGB vor, da die Laufzeit sowie der Nominalbetrag des Zins-CAPs identisch zum
            Grundgeschäft sind. Es werden variable Zinssätze begrenzt. Der Marktwert des Zins-CAPs
            (251 T€) wurde seitens der Bank unter Ableitung des indikativen Preises (Mark-to-Market)
            ermittelt.",1
Geschäftsführer der Gesellschaft war im Geschäftsjahr:,1
2. Personal,1
"Der Anlagespiegel mit der Entwicklung der einzelnen Posten des Anlagevermögens ist
            nachfolgend dargestellt.",1
"Vermögensgegenstände und Verbindlichkeiten in fremder Währung wurden mit dem Kurs
            am Tag des Geschäftsvorfalls umgerechnet. Vermögensgegenstände und Verbindlichkeiten
            in fremder Währung werden zum Bilanzstichtag erfolgswirksam zum Devisenkassamittelkurs
            umgerechnet, soweit deren Restlaufzeit ein Jahr oder weniger beträgt. Fremdwährungsforderungen
            und -verbindlichkeiten mit einer Restlaufzeit über einem Jahr werden am Bilanzstichtag
            unter Beachtung des Imparitätsprinzips zum historischen Kurs oder zum Devisenkassamittelkurs
            umgerechnet.",1
Ihnen liegen im Allgemeinen folgende Nutzungszeiten zugrunde:,1
"Hinsichtlich der Angabe von Geschäftsführerbezügen und der Angabe der gebildeten Pensionsrückstellungen
            für frühere Organmitglieder wird von der Schutzklausel des § 286 Abs. 4 HGB Gebrauch
            gemacht.",1
"Frau Elena Iwaschkin, Kaufmännische Geschäftsführerin",1
Gesonderte Bilanzpostenangaben nach § 327 HGB,1
"Die Gliederung der Gewinn- und Verlustrechnung erfolgt nach dem Gesamtkostenverfahren.
            
            
            
            
            C.	Erläuterungen zur Bilanz
            
            
            	Die Aufgliederung und Entwicklung des Anlagevermögens ist im nachfolgenden Anlagenspie-gel
            dargestellt.",1
Die übrigen Verbindlichkeiten sind mit ihren Erfüllungsbeträgen angesetzt.,1
Die nachfolgenden Nutzungsdauern kommen zur Anwendung:,1
3. Erläuterungen zur Bilanz,1
"Die Rückstellungen für Pensionen und ähnliche Verpflichtungen werden nach versicherungsmathematischen
            Grundsätzen ermittelt und auf den Barwert abgezinst. Die Pensionsrückstellungen werden
            nach dem Projected-Unit-Credit-Verfahren unter Verwendung versicherungsmathematischer
            Grundsätze mit einem Zinsfuß von 1,87 % p. a. (Vorjahr: 2,31 %) auf Basis der Richttafeln
            2018 G von Prof. Dr. Klaus Heubeck ermittelt. Dabei ist die jährliche Rentenanpassung
            mit 1,75 % p. a. entsprechend berücksichtigt. Die Rückstellungen wurden wie im Vorjahr
            gemäß der Anpassungen durch das Gesetz zur Umsetzung der Wohnimmobilienkreditrichtlinie
            und zur Änderung handelsrechtlicher Vorschriften nach § 253 Abs. 2 Satz 2 HGB statt
            mit dem durchschnittlichen Marktzinssatz der letzten sieben Jahre pauschal mit dem
            von der Deutschen Bundesbank ermittelten durchschnittlichen Marktzinssatz der letzten
            zehn Jahre abgezinst, der sich bei einer angenommenen Restlaufzeit von 15 Jahren ergibt.
            Der gemäß § 253 Abs. 6 HGB zu ermittelnde Unterschiedsbetrag zwischen dem Ansatz der
            Rückstellung nach Maßgabe des durchschnittlichen Marktzinses der letzten zehn Jahre
            und dem Ansatz der Rückstellung nach Maßgabe des durchschnittlichen Marktzinses der
            letzten sieben Jahre beträgt TEUR 118, dieser unterliegt einer Ausschüttungssperre.",1
Liquide Mittel werden zu ihrem Nennwert angesetzt.,1
"Die immateriellen Vermögensgegenstände sowie Sachanlagen werden zu Anschaffungskosten
            unter Berücksichtigung von planmäßigen Abschreibungen bewertet. Planmäßige Abschreibungen
            nehmen wir linear vor. Für geringwertige Anlagegüter bis zu einem Wert von EUR 1.000,00
            wird gemäß § 6 Abs. 2a EStG ein Sammelposten gebildet, der gleichmäßig über fünf Jahre
            abgeschrieben wird.",1
"Im Berichtsjahr gab es keine wesentlichen Geschäfte mit nahestehenden Unternehmen
            und Personen, die für die Beurteilung der Finanzlage notwendig sind und zu nicht marktüblichen
            Bedingungen zustande gekommen sind.",1
"Die Angabe der Gesamtbezüge der Mitglieder der Geschäftsführung unterbleibt nach §
            286 Abs. 4 HGB.",1
6. Sonstige Angaben,1
"Entwicklung des Anlagevermögens der Heidelberg Instruments Mikrotechnik GmbH, Heidelberg",1
"Es sind nachträgliche Anschaffungskosten für Anteile an verbundenen Unternehmen in
            Höhe von € 1,6 Mio. angefallen.",1
"Wir halten die Inanspruchnahme aufgrund der Verhältnisse am Abschlussstichtag für
            nicht wahrscheinlich, da gemäß den Planungen der Hauptschuldner ausreichende finanzielle
            Mittel zur fristgerechten Erfüllung der Verbindlichkeiten bestehen.",1
Im Einzelnen kommen folgende Nutzungsdauern zum Ansatz:,1
Anlage 1 zum Anhang,1
"Wesentliche Vorgänge von besonderer Bedeutung, die nach dem Schluss des Geschäftsjahres
            entstanden sind, betreffen ausschließlich die Auswirkungen der Corona-Krise aufgrund
            politischer Entscheidungen zu Maßnahmen in Deutschland und der Maßnahmen in den jeweiligen
            Ländern unserer Beschaffungs- und Absatzmärkte sowie den Ukraine-Krieg. Auf diese
            wird im Lagebericht Bezug genommen.",1
5.5 Ergebnisverwendungsvorschlag,1
Entwicklung des Anlagevermögens 31.12.2021,1
"Der Jahresabschluss der Lapmaster Wolters GmbH wird in den Konzernabschluss der Precision
            Surfacing Solutions GmbH & Co. KG, Rendsburg, einbezogen.",1
"Entwicklung des Anlagevermögens im Geschäftsjahr 01. Januar
            2021 bis 31. Dezember 2021",1
"Das der STUV Holding GmbH in 2021 gewährte Darlehen über EUR 1.200.000,00
            wurde mit einer weiteren Darlehensvereinbarung vom 23.03.2022 um EUR
            800.000,00 auf nunmehr EUR 2.000.000,00 aufgestockt.",1
Unterzeichnung des Jahresabschlusses,1
"Die persönlich haftende Gesellschafterin der Berichtsgesellschaft ist die Fricke Abfülltechnik
            Beteiligungs-GmbH in Minden. Das gezeichnete Kapital beträgt EUR 26.500,00.",1
ANLAGENSPIEGEL zum 31.12.2021,1
"Wir haben unsere Prüfung des Jahresabschlusses und des Lageberichts in Übereinstimmung
            mit § 317 HGB unter Beachtung der vom Institut der Wirtschaftsprüfer (IDW) festgestellten
            deutschen Grundsätze ordnungsmäßiger Abschlussprüfung durchgeführt. Unsere Verantwortung
            nach diesen Vorschriften und Grundsätzen ist im Abschnitt „Verantwortung des Abschlussprüfers
            für die Prüfung des Jahresabschlusses und des Lageberichts"" unseres Bestätigungsvermerks
            weitergehend beschrieben. Wir sind von dem Unternehmen unabhängig in Übereinstimmung
            mit den deutschen handelsrechtlichen und berufsrechtlichen Vorschriften und haben
            unsere sonstigen deutschen Berufspflichten in Übereinstimmung mit diesen Anforderungen
            erfüllt. Wir sind der Auffassung, dass die von uns erlangten Prüfungsnachweise ausreichend
            und geeignet sind, um als Grundlage für unsere Prüfungsurteile zum Jahresabschluss
            und zum Lagebericht zu dienen.",1
"Schnupp GmbH & Co. Hydraulik KG Hydraulikanlagen, Bogen, Bogen",1
9. Sonstige Angaben,1
6. Mitarbeiterzahl,1
"Die Gesellschaft wird durch die Herbert und Wolfram Arnold GmbH, Weilburg, vertreten.
            Die Geschäftsführer dieser Gesellschaft sind unter dem Punkt I. namentlich genannt.
            Die Gesamtbezüge der Geschäftsführung betrugen im Jahr 2021 TEUR 344.",1
Entwicklung des Anlagevermögens im Geschäftsjahr 2020/21,1
28. Ergebnisverwendung,1
"Es wurden Rückstellungen in Höhe von 24 T€ für das Honorar für die Abschlussprüfung
            2021 gebildet.",1
Bilanz zum 31.Dezember 2021,1
Entwicklung des Anlagevermögens 2021 (Anlage),1
"Der Jahresüberschuss beträgt EUR 2.627.565,68 und wird dem Darlehenskonto der Kommanditistin
            zugewiesen.",1
"Auch im Jahr 2022 hat die Corona-Pandemie Einfluss auf den Geschäftsverlauf der TEXPA
            Maschinenbau GmbH & Co. KG. Die weiterhin weltweiten unterschiedlichen Einflussnahmen
            können Auswirkungen auf die Ertrags,- Finanz- und Vermögenslage der TEXPA Maschinenbau
            GmbH & Co. KG haben. Über negative Auswirkungen des russischen Angriffskrieges in
            der Ukraine war bis zum Zeitpunkt der Erstellung des Jahresabschlusses nicht zu berichten.",1
"Bei der Bemessung der Nutzungsdauern wurden die amtlichen AfA-Tabellen der Finanzverwaltung
            angewandt. Diese wurden als Tatsachen gemäß eingeschätzt und in folgende Gruppen unterteilt:",1
"Die wesentlichen Abweichungen vom deutschen Recht aufzustellenden Konzernabschluss
            ergeben sich daraus, dass der befreiende Konzernabschluss nach den Vorschriften der
            Generally Accepted Accounting Principles (US-GAAP) aufgestellt wird.",1
22801 St. Clair Avenue,1
"Vorgänge von besonderer Bedeutung haben sich nach Schluss des Geschäftsjahrs nicht
            ergeben.",1
• der J.C. Steele & Sons Inc. als größter Konsolidierungskreis einbezogen.,1
"Schlatter Deutschland GmbH & Co. Kommanditgesellschaft, Münster",1
"Nach dem Schluss des Geschäftsjahres 2021 sind keine Vorgänge von besonderer Bedeutung
            im Sinne des § 285 Nr. 33 HGB eingetreten.",1
Entwicklung des Anlagevermögens als Anlage zum Anhang,1
4.11. Nachtragsbericht,1
"In Höhe des entstandenen Unterschiedsbetrags aus der Neubewertung der Pensionsrückstellungen
            zum durchschnittlichen Marktzins der vergangenen zehn Geschäftsjahre (TEUR 529) besteht
            eine Ausschüttungssperre.",1
"Die Gesellschaft ist 100 %-ige Tochtergesellschaft der Baier Holding GmbH & Co. KG,
            Marbach/Neckar.",1
"Sämtliche Geschäftsanteile werden von der Starlinger & Co Gesellschaft m. b. H., Wien/Österreich,
            gehalten.",1
"Die Entwicklung des Anlagevermögens im Geschäftsjahr ist im folgenden
            Anlagenspiegel dargestellt:",1
Verbindlichkeiten sind mit ihrem Erfüllungsbetrag angesetzt.,1
"Pensionsrückstellungen wurden mit dem nach versicherungsmathematischen
            Grundsätzen errechneten Barwert unter Anwendung des festgelegten Rechnungszinsfußes
            bei einer pauschalierten Restlaufzeit von 15 Jahren und der Richttafeln
            2018 G von Prof. Klaus Heubeck ermittelt.",1
Entwicklung des Anlagevermögens 2020/21,1
Gesamtbezüge der Geschäftsführung,1
ENTWICKLUNG DES ANLAGEVERMÖGENS,1
"(5)
         
          Abschreibungen auf Sachanlagen",1
"Herr Paolo Mattioli, Herr Gianluca Elmo und Herr Trasforini sind alleinvertretungsberechtigt
            und von den Beschränkungen des § 181 BGB befreit.",1
Entwicklung des Anlagevermögens im Geschäftsjahr vom 1. April 2021 bis 31. März 2022,1
13 Ergebnisverwendung,1
12 Nachtragsbericht,1
Für die übrigen Verbindlichkeiten bestehen keine Sicherheiten.,1
Die Geschäftsjahresabschreibung je Posten der Bilanz wird nachfolgend dargestellt:,1
"Die nach § 285 Nr. 9 Buchstabea und b HGB verlangten Angaben über die Gesamtbezüge
            der dort bezeichneten Personen unterbleiben gemäß § 286 Abs. 4 HGB.",1
"Auf Basis des Kenntnisstands zum Bilanzstichtag und der erstellten Liquiditätsplanung
            für das nächste Jahr ist eine Inanspruchnahme aus den Haftungsverhältnissen nicht
            zu erwarten.",1
"Die sonstigen Rückstellungen beinhalten im Wesentlichen Rückstellungen für noch zu
            erbringende Leistungen 761 TEuro (Vorjahr 497 TEuro), Restrukturierung 2.958 TEuro
            (im Vorjahr: 30 TEuro) Tarifvergütung und variable Vergütung 110 TEuro (im Vorjahr:
            162 TEuro), Urlaubs- und Überstundenverpflichtungen 487 TEuro (im Vorjahr: 598 TEuro),
            ausstehende Rechnungen 747 TEuro (im Vorjahr: 392 TEuro), Altersteilzeit 907 TEuro
            (im Vorjahr: 1.005 TEuro), Gewährleistung 190 TEuro (Vorjahr 190 TEuro), Jubiläumszahlungen
            265 TEuro (im Vorjahr: 165 TEuro) sowie weitere Rückstellungen in Höhe von 262 TEuro
            (im Vorjahr: 299 TEuro).",1
Die den Abschreibungen zugrundeliegenden wirtschaftlichen Nutzungsdauern betragen:,1
(erweiterte Bruttodarstellung),1
Vorgänge von besonderer Bedeutung nach Schluss des Geschäftsjahres,1
Gewinne bzw. Verluste aus Währungsumrechnung,1
"Seit dem 1. April 2014 gehört die Gesellschaft zum Konzern der Zoomlion Heavy Industry
            Science & Technology Co., Ltd., Changsha/China, in deren Konzernabschluss (größter
            und zugleich kleinster Kreis von Unternehmen) wir einbezogen werden. Der Konzernabschluss
            ist am Sitz der Konzernobergesellschaft erhältlich.",1
Nutzungsdauer der Sachanlagen,1
Dieser Jahresabschluss wurde am 18. Januar 2023 festgestellt,1
Jochen Roling (ab 17. Januar 2022),1
1. Organe der Gesellschaft,1
Anlagenspiegel 31.12.2020,1
"Auch für das Geschäftsjahr 2021 besteht erhebliche Unsicherheit über den weiteren
            Verlauf der Corona-Pandemie. Trotz der sich weltweit abzeichnenden höheren Verfügbarkeit
            von Impfstoffen, können sich aufgrund des Auftretens neuer Virusvarianten weiterhin
            negative Effekte auf die Erholung der globalen Wirtschaft und insbesondere des Maschinenbaues
            als eine unserer zentralen Abnehmerindustrien ergeben. Entsprechend können sich Auswirkungen
            auf unsere Umsatz- und Ergebniszahlen ergeben, die zum Zeitpunkt der Erstellung des
            Jahresabschusses noch nicht belastbar abgeschätzt werden können.",1
"Die Aufgliederung und Entwicklung der Anlagenwerte ist aus dem folgenden Anlagenspiegel
            zu entnehmen:",1
"Für ungewisse Verbindlichkeiten aus Pensionsverpflichtungen wurden Rückstellungen
            gebildet. Die Rückstellungsbildung wurde gem. § 253 Abs. 1 Satz 2 HGB in Höhe des
            nach vernünftiger kaufmännischer Beurteilung notwendigen Erfüllungsbetrags bewertet.",1
"Die Entwicklung des Anlagevermögens und die Entwicklung der Abschreibungen des Geschäftsjahres
            stellen sich wie folgt dar:",1
"Die Umrechnung von Geschäftsvorfällen in fremder Währung erfolgte bei den Forderungen
            und Verbindlichkeiten mit dem Devisenkassamittelkurs am Entstehungstag. Sofern diese
            zum Bilanzstichtag eine Restlaufzeit von bis zu einem Jahr haben, wird der Devisenkassamittelkurs
            am Bilanzstichtag der Umrechnung zugrunde gelegt. Die dabei resultierenden Kursgewinne
            bzw. Kursverluste werden gesondert im Anhang ausgewiesen.",1
f) Verbindlichkeiten,1
"Die Gesellschaft hat für die identifizierten Risiken bereits Vorbereitungen getroffen
            und entsprechende Maßnahmen ergriffen.",1
"Herrn Wolfgang Raabe, Betriebsleiter",1
4. Vorschlag zur Ergebnisverwendung,1
"Mit dem Ausbruch von COVID-19 im Jahr 2020 brach das Auftragsvolumen massiv ein. Die
            Geschäftstätigkeit war seitdem stark belastet. Das führte wie bereits im Geschäftsjahr
            2020 auch im Geschäftsjahr 2021 zu großen Umsatzeinbußen und Ergebnisbelastungen.
            Der Ukraine-Krieg führte im Geschäftsjahr 2022 wiederum dazu, dass Kundenprojekte
            verschoben wurden. Die Umsatz- und Ergebnisplanung 2022 konnten nicht erreicht werden.
            Für 2023 wurde wieder mit steigenden Umsätzen und einem ausgeglichenen Ergebnis gerechnet.
            Tatsächlich entwickelte sich 2023 der Umsatz um 15% unter Plan und beim Ergebnis mit
            TEUR 194 über Plan. Dieses Ergebnis berücksichtigt jedoch einen Beteiligungsertrag
            in Höhe von TEUR 170.",1
"Es wurde das Aktivierungswahlrecht nach § 248 Abs. 2 HGB von Entwicklungskosten in
            Anspruch genommen, es wurden keine Fremdkapitalzinsen aktiviert. Die Entwicklungskosten
            im Geschäftsjahr betrugen 386.436,81 € und wurden vollständig als selbst geschaffene
            immaterielle Vermögensgegenstände aktiviert. Forschungskosten fielen im vergangenen
            Geschäftsjahr nicht an.",1
"Forderungen und Verbindlichkeiten in fremder Währung werden im Rahmen der Zugangsbewertung
            mit dem Kurs am Tage des Geschäftsvorfalls bewertet. Verluste aus Kursänderungen bis
            zum Abschlussstichtag werden stets, Gewinne aus Kursänderungen nur bei Restlaufzeiten
            von einem Jahr oder weniger berücksichtigt.",1
Bilanz (verkürzt) vom 31.08.2022,1
"Die unter der Position Finanzanlagen ausgewiesenen „Anteile an verbundenen Unternehmen“
            sind mit den Anschaffungskosten angesetzt. Soweit dieser Wert über dem Wert liegt,
            der am Abschlussstichtag beizulegen ist, wird dem durch außerplanmäßige Abschreibungen
            Rechnung getragen. Soweit die Gründe für außerplanmäßige Abschreibungen nicht mehr
            bestehen, werden Zuschreibungen vorgenommen. Die Gesellschaft ist alleiniger Anteilseigner
            an der „Zettl Mimatic, Inc.“ mit Sitz in Mundelein, USA. Das Stammkapital dieses Unternehmens
            beträgt 50.000,00 US-$. Nach dem vorliegenden Jahresabschluss zum 31.12.2020 beträgt
            der Gewinn 81.291,07 US-$ (im Jahr 2019 Jahresüberschuss 82.507,90 US-Dollar). Die
            im Jahr 2012 in Shanghai gegründete „Mimatic Tool Systems (Shanghai) Co., Ltd.“ hat
            ein Stammkapital von 1,2 Millionen RMB. Dieses ist voll eingezahlt. Nach dem vorliegenden
            Jahresabschluss zum 31.12.2020 hat die Gesellschaft einen Gewinn in Höhe von 436.009,51
            RMB (im Vorjahr Gewinn 690.322,52 RMB) erzielt.",1
"Selbst erstellte immaterielle Vermögensgegenstände des Anlagevermögens wurden im Berichtsjahr
            nicht aktiviert, da eine verlässliche Trennung zwischen Forschungs- und Entwicklungskosten
            nicht möglich war. Die immateriellen Vermögensgegenstände werden zu Anschaffungskosten,
            vermindert um planmäßige Abschreibungen, bewertet. Die Bewertung der Sachanlagen erfolgte
            zu Anschaffungs- und/oder Herstellungskosten, vermindert um planmäßige Abschreibungen.",1
c) Vermögenslage,1
Davon entfielen auf:,1
"Nach dem Schluss des Geschäftsjahres sind keine Vorgänge von besonderer Bedeutung
            eingetreten, die wesentliche Auswirkungen auf die Beurteilung der VFE-Lage und die
            vorgenommenen Wertansätze für Bilanz und Gewinn- und Verlustrechnung für das Geschäftsjahr
            2021 haben.",1
Ergebnisverwendung:,1
"Von der Angabe der Bezüge der Geschäftsführer wird unter Berufung auf § 286 Abs. 4
            HGB abgesehen.",1
"Die Aufgliederung des Anlagevermögens zum 31. Dezember 2021 und die Entwicklung im
            Berichtszeitraum sowie die in der Zeit vom 01. Januar bis 31. Dezember 2021 hierauf
            vorgenommenen Abschreibungen ergeben sich aus dem Anlagespiegel der als integraler
            Bestandteil als Anlage zu diesem Anhang beigefügt ist.",1
Aktive latente Steuern werden in Ausübung des Wahlrechts nicht aktiviert.,1
"Die sonstigen Rückstellungen sind für alle erkennbaren Risiken und ungewissen Verpflichtungen
            in Höhe des Erfüllungsbetrages gebildet, der nach vernünftiger kaufmännischer Beurteilung
            notwendig ist. Rückstellungen mit einer Restlaufzeit von mehr als einem Jahr werden
            mit dem ihrer Restlaufzeit entsprechenden durchschnittlichen Marktzinssatz der vergangenen
            sieben Geschäftsjahre abgezinst.",1
"Darüber hinaus waren keine Vorgänge von besonderer Bedeutung nach Schluss des Geschäftsjahres
            zu verzeichnen, die einen wesentlichen Einfluss auf die Vermögens-, Finanz- und Ertragslage
            haben.",1
"Mit Ablösung der satzungsmäßigen Leistungsverpflichtungen der Capri Sun Unterstützungskasse
            e.V., Eppelheim, durch Direktzusagen der Gesellschaft sind die mittelbaren Pensionsverpflichtungen
            erloschen.",1
"Schmoll Maschinen GmbH, Rödermark",1
"Für die nach § 285 Nr. 9 HGB geforderte Angabe wird von der Schutzklausel des § 286
            Abs. 4 HGB Gebrauch gemacht.",1
8. Vorgänge von besonderer Bedeutung,1
"Das vom Abschlussprüfer für das Geschäftsjahr berechnete Gesamthonorar beträgt 117.000,00
            Euro und gliedert sich wie folgt:",1
"1. Allgemeines
         

         Der Jahresabschluss zum 31. Dezember 2021 wird nach den Vorschriften des Handelsgesetzbuches
            und den Vorschriften des GmbHG aufgestellt.
         
         Die Gesellschaft stellt ihre Gewinn- und Verlustrechnung nach dem Umsatzkostenverfahren
            auf.
         
         Die Gesellschaft macht von den Erleichterungsvorschriften nach § 288 HGB teilweise
            Gebrauch.
         


          2. Bilanzierungs- und Bewertungsmethoden
         


          2.1 Anlagevermögen
         

         Die
         
          Immateriellen Vermögensgegenstände
         
         werden zu Anschaffungskosten bewertet und in Anlehnung an die steuerlich für zulässig
            gehaltenen Nutzungsdauern planmäßig linear abgeschrieben.
         
         Das
         
          Sachanlagevermögen
         
         ist mit Anschaffungs- oder Herstellungskosten und, soweit abnutzbar, unter Berücksichtigung
            planmäßiger linearer (pro rata temporis) Abschreibungen bewertet. Die Herstellungskosten
            der selbst erstellten Anlagen werden auf der Grundlage direkt zurechenbarer Kosten
            (Material- und Fertigungskosten) ermittelt. Die Fertigungskosten berücksichtigen die
            Lohn- und Gehaltsaufwendungen einschließlich Sozialabgaben der mit der Erstellung
            der Anlagen befassten Mitarbeiter.
         
         Den linearen Abschreibungen auf Gebäude ist eine Nutzungsdauer von 25 bzw. 30 Jahren
            zu Grunde gelegt. Die beweglichen Anlagegüter werden nach Maßgabe der betriebsgewöhnlichen
            Nutzungsdauer linear abgeschrieben. Die Nutzungsdauer beträgt bei technischen Anlagen
            und Maschinen grundsätzlich fünf bis zwölf Jahre und bei der Betriebs- und Geschäftsausstattung
            drei bis sechs Jahre. Die Anschaffungskosten geringwertiger Anlagegüter (Anschaffungs-
            bzw. Herstellungskosten bis zu 250,00 EUR) werden im Berichtsjahr in voller Höhe als
            Aufwand berücksichtigt. Des Weiteren wird für geringwertige Anlagegüter mit Anschaffungs-
            und Herstellungskosten von 250 EUR bis 1.000 EUR ein Sammelposten gebildet, der im
            Anschaffungsjahr und den vier folgenden Wirtschaftsjahren mit je 20 v. H. aufgelöst
            wird.
         


          2.2 Umlaufvermögen
         

         Die
         
          Roh-,
         

          Hilfs- und Betriebsstoffe und Waren
         
         sind grundsätzlich zu durchschnittlichen Anschaffungskosten angesetzt. Das Niederstwertprinzip
            wurde beachtet. Die Beachtung von Lagerrisiken wurde unter Berücksichtigung der Umschlagshäufigkeit
            durchgeführt.
         

         Die Bewertung der
         
          unfertigen und fertigen Erzeugnisse
         
         ist zu Herstellungskosten (Material- und Fertigungseinzelkosten, Material- und Fertigungsgemeinkosten
            sowie Verwaltungsgemeinkosten) erfolgt. Fremdkapitalzinsen werden nicht einbezogen.
            Dabei ist die Bewertung der unfertigen Erzeugnisse ausgehend von den Herstellungskosten
            des Fertigproduktes in Abhängigkeit vom Bearbeitungsgrad vorgenommen worden. Das Niederstwertprinzip
            ist berücksichtigt worden. Die Beachtung von Lagerrisiken bei unfertigen und fertigen
            Erzeugnissen wurde unter Berücksichtigung der Umschlagshäufigkeit durchgeführt.
         
         Die
         
          Forderungen und sonstigen Vermögensgegenstände
         
         sind zum Nominalwert bewertet. Erforderliche Einzelwertberichtigungen und Pauschalwertberichtigungen
            sind vorgenommen worden.
         
         Die
         
          Flüssigen Mittel
         
         sind zum Nominalwert bewertet worden.
         


          2.3 Rechnungsabgrenzungsposten
         

         Der aktive Rechnungsabgrenzungsposten wurde im Wesentlichen für gezahlte Mieten, KFZ-Steuer
            und Versicherungen gebildet und wird nach dem Bilanzstichtag zeitanteilig aufgelöst.
         


          2.4 Sonderposten für Investitionszuwendungen zum Anlagevermögen
         

         Der
         
          Sonderposten für Investitionszuschüsse
         
         resultiert aus der Förderung im Rahmen der Gemein­schaftsaufgabe „Verbesserung der
            regionalen Wirtschaftsstruktur“. Der Sonderposten wird entsprechend der betriebsgewöhnlichen
            Nutzungsdauer des bezuschussten Anlagevermögens planmäßig aufgelöst.
         
         Darüber hinaus wird ein
         
          Sonderposten für Investitionszulagen
         
         ausgewiesen. Der Sonderposten wird über die Nutzungsdauer der begünstigten Anlagegüter
            erfolgswirksam aufgelöst.
         


          2.5 Rückstellungen und Verbindlichkeiten
         

         Die
         
          Steuerrückstellungen
         
         und
         
          sonstigen Rückstellungen
         
         sind so bemessen, dass sie allen erkennbaren Risiken aus schwebenden Geschäften und
            ungewissen Verbindlichkeiten Rechnung tragen. Die Rückstellungen werden mit dem nach
            vernünftiger kaufmännischer Beurteilung notwendigen Erfüllungsbetrag angesetzt. Zukünftige
            Preis- und Kostensteigerungen werden, soweit erforderlich, bei der Ermittlung des
            Erfüllungsbetrags berücksichtigt. Die sonstigen Rückstellungen mit einer Laufzeit
            von mehr als einem Jahr werden mit fristadäquaten durchschnittlichen Marktzinssatz
            der vergangenen sieben Geschäftsjahre, der von der Deutschen Bundesbank ermittelt
            und bekannt gegeben wird, abgezinst. Auf die Abzinsung von Rückstellungen mit einer
            Laufzeit von unter einem Jahr wird verzichtet.
         
         Die Rückstellungen für Gewährleistungen enthalten, neben Rückstellungen für Einzelrisiken,
            auch pauschale Gewährleistungsrückstellungen, die in Höhe eines festgelegten Prozentsatzes
            vom Umsatz gebildet werden.
         
         Die
         
          Verbindlichkeiten
         
         sind mit ihrem Erfüllungsbetrag angesetzt.
         




          3. Erläuterungen zur Bilanz
         


          3.1 Anlagevermögen
         

         Die Entwicklung der einzelnen Posten des Anlagevermögens ist dem als Anlage zum Anhang
            beigefügten Anlagespiegel zu entnehmen.
         
         Aktivierte Eigenleistungen sind in den folgenden Posten des Anlagevermögens erfasst:",1
"Die
         
          Verbindlichkeiten gegenüber verbundenen Unternehmen
         
         bestehen in voller Höhe aus Lieferungen und Leistungen und betreffen mit TEUR 534
            (Vorjahr TEUR 736) Verbindlichkeiten gegenüber Gesellschaftern.
         
         Bei den im Vorjahr ausgewiesenen Verbindlichkeiten gegenüber Gesellschaftern handelte
            es sich zugleich um Verbindlichkeiten gegenüber verbundenen Unternehmen. Sie entfielen
            im Vorjahr in vollem Umfang auf sonstige Verbindlichkeiten.
         


          4. Erläuterungen zur Gewinn- und Verlustrechnung
         


          4.1 Sonstige betriebliche Erträge
         

         Die sonstigen betrieblichen Erträge beinhalten Erträge aus der Auflösung der Sonderposten
            für Investitionszuwendungen (TEUR 12; Vorjahr TEUR 14).
         


          4.2 Sonstige Zinsen und ähnliche Erträge
         

         Die Erträge aus der Abzinsung von Rückstellungen betragen TEUR 0 (Vorjahr: TEUR 0).
         


          4.3 Zinsen und ähnliche Aufwendungen
         

         Die Aufwendungen aus der Aufzinsung von Rückstellungen betragen TEUR 0 (Vorjahr: TEUR 0).
         
         Die Zinsaufwendungen an verbundene Unternehmen betragen TEUR 143 (Vorjahr: TEUR 232).
         


          4.4 Übrige Angaben
         

         Es sind Materialaufwendungen von insgesamt TEUR 22.539 (Vorjahr: TEUR 17.985) enthalten.
            Davon entfallen TEUR 20.992 (Vorjahr: TEUR 16.206) auf Aufwendungen für Roh-, Hilfs-
            und Betriebsstoffe sowie TEUR 1.547 (Vorjahr: TEUR 1.779) auf Aufwendungen für bezogene
            Leistungen.
         
         Darüber hinaus sind Personalaufwendungen in Höhe von insgesamt TEUR 5.512 (Vorjahr:
            TEUR 5.258) enthalten. Davon entfallen TEUR 4.554 (Vorjahr: TEUR 4.344) auf Löhne
            und Gehälter sowie TEUR 958 (Vorjahr: TEUR 914) auf soziale Abgaben und Aufwendungen
            für Altersversorgung und für Unterstützung. Aufwendungen für Altersversorgung sind
            in Höhe von TEUR 8 (Vorjahr: TEUR 7) enthalten.
         


          5. Sonstige Angaben
         


          5.1 Durchschnittliche Arbeitnehmerzahl
         

         Im Geschäftsjahr 2021 waren durchschnittlich 141 (Vorjahr: 136) Arbeitnehmer, davon
            101 (Vorjahr: 96) gewerbliche Arbeiter sowie 40 (Vorjahr: 40) Angestellte beschäftigt.
            Darüber hinaus waren im Geschäftsjahr 2021 durchschnittlich 3 (Vorjahr: 3) Berufsauszubildende
            und 1 (Vorjahr: 3) Geringfügiger beschäftigt. Zum Stichtag 31. Dezember 2021 waren
            141 Mitarbeiter, davon 3 Berufsauszubildende, gegenüber 136 Mitarbeitern im Vorjahr
            in der Gesellschaft tätig.
         


          5.2 Angaben zu nicht in der Bilanz enthaltenen Geschäften – Sonstige finanziellen
               Verpflichtungen
         

         Zum Bilanzstichtag bestehen Leasing- und Mietverpflichtungen in Gesamthöhe von TEUR 598
            und betreffen die Jahre 2022 bis 2025. Die Leasinggeschäfte dienen der Verbesserung
            der Liquiditätssituation und der Verbesserung der Eigenkapitalausstattung. Ein weiterer
            wesentlicher Vorteil besteht in der kurzen Vertragsbindung.
         


          5.3 Geschäftsführung
         

         Geschäftsführer war Herr Ralf Thiel, Bremen/Deutschland. Sein ausgeübter Beruf entspricht
            seiner organschaftlichen Stellung.
         


          6. Konzernzugehörigkeit
         

         Die Gesellschaft ist über ihre Gesellschafterin, die Brugg Rohrsystem AG, Kleindöttingen/Schweiz,
            ein mittelbares Tochterunternehmen der Brugg Group AG, Brugg/Schweiz. Die Gesellschaft
            wird in den Konzernabschluss der Brugg Group AG. Brugg/Schweiz, einbezogen. Diese
            stellt den Konzernabschluss für den größten und kleinsten Kreis der Unternehmen auf.
            Der Konzernabschluss ist bei dieser Gesellschaft erhältlich.
         


          7. Wesentliche Ereignisse nach dem Abschlussstichtag
         

         Wesentliche Ereignisse nach dem Abschlussstichtag liegen nicht vor.
         
         Nordhausen, 4. Februar 2022 Ralf Thiel Geschäftsführer",1
"Die Bilanzierung der Sachanlagen erfolgt zu Anschaffungskosten, im Falle abnutzbarer
            Sachanlagen vermindert um planmäßige, nutzungsbedingte Abschreibungen. Dabei wird
            grundsätzlich die lineare Abschreibungsmethode angewendet. Folgende Nutzungsdauern
            sind den Abschreibungen der einzelnen Sachgruppen zugrunde gelegt worden:",1
Die Schutzklausel bezüglich den Angaben nach § 285 Nr. 9 HGB wurde in Anspruch genommen.,1
"Die Haftungsverhältnisse berücksichtigen die Verbindlichkeiten aus der Begebung und
            Übertragung von Wechseln, aus Bürgschaften, Wechsel- und Scheckbürgschaften und aus
            Gewährleistungsverträgen sowie Haftungsverhältnisse aus der Bestellung von Sicherheiten
            für fremde Verbindlichkeiten. Die Haftungsverhältnisse sind mit dem Betrag vermerkt,
            mit dem die Gesellschaft nach den Verhältnissen am Bilanzstichtag haftet. Bestehende
            Rückgriffsforderungen werden nicht abgezogen.",1
Geschäftsführerbezüge,1
"Mit Notarvertag vom 23./24./29. Juni 2022 hat die Gesellschaft 100 % der Gesellschafteranteile
            an den Firmen Alco-food-machines GmbH & Co. KG in Bad Iburg, Alco-food-machines Vermögens-
            und Beteiligungs mbH, Bad Iburg und Alco-technology GmbH, Bad Iburg in Höhe von €
            43,2 Mio. erworben.",1
"Das Gesamthonorar des Abschlussprüfers
         
         beträgt für das abgelaufene Geschäftsjahr T€ 33.",1
"Die Geschäftsführung schlägt eine Ausschüttung an die Gesellschafter in Höhe von EUR
            3.000.000,00 vor. Der verbleibende Bilanzgewinn wird auf neue Rechnung vorgetragen.",1
VI. Angaben zu Vorgängen von besonderer Bedeutung nach dem Schluss des Geschäftsjahres,1
Niederdorf,1
6. Konzernzugehörigkeit,1
"Der Jahresüberschuss in Höhe von 51.757,50 Euro wird in voller
            Höhe den Privatkonten der Kommanditisten gutgeschrieben.",1
"RAMPP Maschinenbau GmbH & Co. KG, Pfaffenhausen",1
Die Gesellschaft hat weder einen Aufsichtsrat noch einen Beirat.,1
"Die Folgen der Materialpreisteuerung und die Risiken in der Entwicklung der Legierungszuschläge,
            auch als Folgen des Ukraine-Krieges, belasten auch unsere Ertragskraft. Die Gewinnchancen
            der Vergangenheit lassen sich derzeit nicht realisieren. Gleichwohl rechnen wir mit
            einem positiven EBIT für 2022. Die weiteren Entwicklungen in der Automobilindustrie
            und in der Gesamtwirtschaft in 2023 bleiben abzuwarten.",1
3. Anwendung der Ausnahmeregelung nach § 286 Abs. 4 HGB,1
Geschäftsführer,1
VII. Ergebnisverwendung,1
"Allgemeine Angaben zum Unternehmen
         


         Die falch gmbh hat ihren Sitz in Blaubeuren. Sie ist im Handelsregister des Amtsgerichts
            Ulm unter HRB 2600 eingetragen.
         


          Allgemeine Angaben zum Jahresabschluss
         


         Der Jahresabschluss wurde nach den Vorschriften der §§ 242 ff. HGB unter Beachtung
            der ergänzenden Bestimmungen für mittelgroße Kapitalgesellschaften (§§ 264 ff. HGB)
            sowie des GmbHG aufgestellt.
         

         Zur besseren Vergleichbarkeit wurden die Vorjahreszahlen der Gewinn- und Verlustrechnung
            angepasst.
         


          Bilanzierungs- und Bewertungsmethoden
         


         Bei der Aufstellung des Jahresabschlusses wurde von der Fortführung des Unternehmens
            ausgegangen.
         

         Ein grundlegender Wechsel von Bilanzierungs- und Bewertungsmethoden gegenüber dem
            Vorjahr fand grundsätzlich nicht statt.
         

         Erworbene immaterielle Anlagewerte wurden zu Anschaffungskosten angesetzt und, sofern
            sie der Abnutzung unterlagen, um planmäßige Abschreibungen vermindert.
         

         Das Sachanlagevermögen wurde zu Anschaffungs- bzw. Herstellungskosten angesetzt und,
            soweit abnutzbar, um planmäßige Abschreibungen vermindert.
         

         Die planmäßigen Abschreibungen wurden nach der voraussichtlichen Nutzungsdauer der
            Vermögensgegenstände linear und degressiv vorgenommen.
         

         Der Übergang von der degressiven zur linearen Abschreibung erfolgt in den Fällen,
            in denen dies zu einer höheren Jahresabschreibung führt.
         

         Bewegliche Gegenstände des Anlagevermögens bis zu einem Wert von EUR 800,00 wurden
            im Jahre des Zugangs voll abgeschrieben.
         

         Außerplanmäßige Abschreibungen waren nicht erforderlich.
         

         Die Finanzanlagen wurden mit den Anschaffungskosten angesetzt.
         

         Die Bewertung der Vorräte erfolgte grundsätzlich zu Anschaffungs- bzw. Herstellungskosten
            unter Beachtung des strengen Niederstwertprinzips. Posten mit verminderter Marktgängigkeit
            wurden auf den niedrigeren beizulegenden Wert abgeschrieben.
         

         Die Bewertung der fertigen Erzeugnisse erfolgte zu Herstellungskosten. Die angesetzten
            Herstellungskosten enthalten die Fertigungs- und Materialeinzelkosten, die Sonderkosten
            der Fertigung, ferner angemessene Teile der Material- und Fertigungsgemeinkosten sowie
            die Kosten des Werteverzehrs des Anlagevermögens, soweit dieser durch die Fertigung
            veranlasst ist. Zur verlustfreien Bewertung werden bei Bedarf Abwertungen vorgenommen.
            Zinsen für Fremdkapital werden hierbei nicht angesetzt.
         

         Handelswaren sind zu Anschaffungskosten oder niedrigeren Marktpreisen bilanziert.
         

         Die Forderungen sind zum Nennwert bilanziert. Bei den Forderungen werden erkennbare
            Einzelrisiken durch Wertberichtigungen berücksichtigt. Dem allgemeinen Kreditrisiko
            wird durch eine Pauschalwertberichtigung ausreichend Rechnung getragen.
         

         Der Kassenbestand und die Guthaben bei Kreditinstituten wurden mit dem Nominalwert
            bewertet.
         

         Die Steuerrückstellungen und die sonstigen Rückstellungen sind in Höhe des nach vernünftiger
            kaufmännischer Beurteilung notwendigen Erfüllungsbetrags angesetzt.
         

         Verbindlichkeiten wurden zum Erfüllungsbetrag angesetzt.
         


          Grundlagen für die Umrechnung von Fremdwährungsposten in Euro
         


         Der Jahresabschluss enthält auf fremde Währung lautende Sachverhalte, die in EUR umgerechnet
            wurden.
         

         Forderungen und Verbindlichkeiten in fremder Währung sind mit dem Devisenkassamittelkurs
            am Bilanzstichtag bewertet. Soweit bei einer Restlaufzeit von mehr als einem Jahr
            der Kurs am Tage des Geschäftsvorfalles bei Forderungen darunter bzw. bei Verbindlichkeiten
            darüber lag, ist dieser angesetzt.
         


          Erläuterungen zur Bilanz
         



          Anlagevermögen
         


         Die Aufgliederung und Entwicklung der Anlagenwerte ist aus dem Anlagenspiegel zu entnehmen.",1
forschung und entwicklung,1
Lagebericht,1
Bilanz zum 31. Dezember 2021,1
VII. Nachtragsbericht,1
"Der Posten sonstige Zinsen und ähnliche Erträge enthält Erträge aus dem Deckungsvermögen
            Rückdeckungsversicherung in Höhe von EUR 101.741,80 (i.V. TEUR 114) die mit Aufwendungen
            aus der Aufzinsung von Pensionsrückstellungen und ähnlichen Verpflichtungen in Höhe
            von EUR 90.539,00 (i.V. TEUR 103) verrechnet wurden.",1
Diese gliedern sich wie folgt:,1
"Die Entwicklung der einzelnen Posten des Anlagevermögens ist unter Angabe der Abschreibungen
            des Geschäftsjahres im Anlagenspiegel dargestellt",1
"Geschäftsvorfälle in fremder Währung werden zum jeweiligen Tageskurs eingebucht. Forderungen
            und Verbindlichkeiten in Fremdwährung, dessen Restlaufzeit nicht mehr als ein Jahr
            beträgt, werden mit dem Devisenkassamittelkurs am Bilanzstichtag bewertet.",1
"Die sonstigen Rückstellungen beinhalten sämtliche, nach vorsichtiger kaufmännischer
            Beurteilung erkennbaren Risiken. Der Posten beinhaltet im Wesentlichen Beträge für
            Abfindungen, für Gewährleistung, für Provisionen, für Jahresabschluss- und Prüfungskosten,
            für Verpflichtungen aus ausstehenden Urlaubstagen, für Beiträge zur Berufsgenossenschaft,
            für Überstunden, für Altersteilzeitansprüche und für Tantiemen.",1
"Im Anlagenspiegel ist die Entwicklung der Einzelposten, d. h. ihrer Buchwerte und
            Abschreibungsbeträge wiedergegeben.",1
"Ein niedrigerer Wertansatz aufgrund steuerrechtlicher Abschreibungen aus Vorjahren
            gemäß § 254 HGB wird, sofern vorhanden, beibehalten. Die Abschreibungen wurden bei
            neu angeschafften beweglichen Anlagegütern ausnahmslos linear, d. h. planmäßig verteilt
            auf die betriebsgewöhnliche Nutzungsdauer vorgenommen. Die Nutzungsdauer beträgt je
            nach Beschaffenheit des Vermögensgegenstandes 3 bis 12 Jahre.",1
1. Anlagevermögen,1
4.7 Ergebnisverwendung (§ 285 Nr. 34),1
4.6 Besondere Vorgänge nach Schluss des Geschäftsjahrs (§ 285 Nr. 33),1
"Geringwertige Anlagegüter mit Anschaffungskosten bis zu je EUR
            250 wurden als Aufwand erfasst. Im Übrigen wurden folgende Abschreibungssätze
            verwendet:",1
10. Ausschüttungsvorschlag,1
9. Nachtragsbericht,1
"Die beizulegenden Zeitwerte der derivativen Finanzinstrumente werden
            mit marktüblichen Bewertungsmethoden unter Berücksichtigung der am
            Bewertungsstichtag vorliegenden Marktdaten (Marktwerte) ermittelt.
            Devisenkontrakte werden einzeln auf Basis des Austauschbetrages mit
            den aktuellen Marktterminkursen am Abschlussstichtag im Vergleich
            zu den vereinbarten Termin- bzw. Kontraktkursen bewertet. Die Marktterminkurse
            richten sich nach den Kassakursen unter Berücksichtigung von Terminauf-
            und -abschlägen.",1
"Die Entwicklung des Anlagevermögens kann aus dem dargestellten Anlagespiegel entnommen
            werden.",1
"Die Steuerrückstellungen wurden für noch nicht veranlagte Steuern gebildet. Die sonstigen
            Rückstellungen berücksichtigen alle erkennbaren Risiken und ungewissen Verbindlichkeiten
            und wurden mit dem nach vernünftiger kaufmännischer Beurteilung notwendigen Erfüllungsbetrag
            angesetzt.",1
"Geringwertige Wirtschaftsgüter bis zu € 800,00 wurden im Zugangsjahr in voller Höhe
            abgeschrieben und gleichzeitig fiktiv als Abgang gebucht.",1
"Heckler Aktiengesellschaft, Niefern-Öschelbronn",1
FINANZANLAGEN,1
"Entgeltlich erworbene immaterielle Vermögensgegenstände werden zu Anschaffungskosten,
            vermindert um planmäßige und gegebenenfalls außerplanmäßige Abschreibungen bewertet.",1
7. Nachtragsbericht,1
"Die Geschäftsführung schlägt vor, den Jahresfehlbetrag des Geschäftsjahres 2021 von
            € 187.403,51 mit den Gewinnrücklagen zu verrechnen.",1
"Die Geschäftsführer sind von den Beschränkungen des §181BGB befreit. Mit Ausnahme
            von Herrn Korte sind die Geschäftsführer alleinvertretungsberechtigt. Herr Korte vertritt
            die Gesellschaft gemeinsam mit einem anderen Geschäftsführer oder einem Prokuristen.",1
"Herr Gerhard Hempelmann, Meppen,",1
5.4 Ergebnisverwendung,1
Alleinvertretungsberechtigter Geschäftsführer war im Geschäftsjahr:,1
"Entwicklung des Anlagevermögens der Stürtz Maschinenbau GmbH, Neustadt/Wied-Rott,
            im Geschäftsjahr 2019",1
"Alleinige Gesellschafterin ist zum 31.12.2019 die Stürtz Holding GmbH, Neustadt/Wied-Rott,
            in deren erstellten Konzernabschluss der vorliegende Jahresabschluss der Stürtz Maschinenbau
            GmbH einbezogen wird. Die Stürtz Holding GmbH, Neustadt/Wied-Rott stellt den Konzernabschluss
            für den kleinsten und größten Kreis von Unternehmen auf, in den die Gesellschaft einbezogen
            wird. Der Konzernabschluss der Stürtz Holding GmbH, Neustadt/Wied-Rott, ist im elektronischen
            Bundesanzeiger veröffentlicht.",1
"An Finanzinstrumenten nutzt die Gesellschaft grundsätzlich nur Devisentermingeschäfte
            zur Absicherung von Wechselkursrisiken. Im Berichtsjahr wurden aber keine Kontrakte
            abschlossen.",1
Entwicklung des Anlagevermögens im Rumpfgeschäftsjahr 2021,1
"Die SAT Anlagentechnik GmbH hält 100 % der Anteile an der SAT Fluid Systems (Shanghai)
            Co. Ltd., Shanghai, VR China. Das Eigenkapital dieser Gesellschaft beträgt zum 31.
            Dezember 2021 TCNY 2.356/TEUR 327; das Ergebnis des Geschäftsjahres 2021 beträgt TCNY
            2.976/TEUR 412.",1
"Aufwendungen und Erträge aus Änderungen des Abzinsungssatzes bei Rückstellungen werden
            im Personalaufwand bzw. unter den Sonstigen betrieblichen Erträgen ausgewiesen.",1
4. Erläuterungen und Angaben zu einzelnen Posten der Gewinn- und Verlustrechnung,1
"Die Anteile an verbundenen Unternehmen beinhalten jeweils die 100
            %igen Beteiligungen an der RSA Cutting & Deburring Systems Ltd.,
            Großbritannien (ehemals RSA cutting systems Ltd.), (TEUR 28) und an
            der RSA cutting systems S.a.r.l, Frankreich, (TEUR 25), sowie der
            RSA cutting systems Ltd., Großbritannien (ehemals RSA Cutting &
            Deburring Systems Ltd.).",1
Immaterielle Vermögensgegenstände,1
in €,1
"Entsprechend dem bestehenden Ergebnisabführungsvertrag mit der SWO Holding GmbH, Wiehl,
            wurde der Jahresfehlbetrag in Höhe von € 714.192,15 vollständig ausgeglichen.",1
"Der Ende Februar 2022 ausgebrochene Russland-Ukraine-Konflikt kann zu Liefer- und
            Umsatzausfällen führen. Es besteht das Risiko von höheren Kosten und Beeinträchtigungen
            aufgrund der geltenden Sanktionsbeschränkungen oder den internationalen Zahlungsverkehr
            betreffend. Die direkten und indirekten Auswirkungen sind stark abhängig von der weiteren
            Entwicklung des Krieges und somit mit erheblichen Unsicherheiten behaftet. Aufgrund
            der dynamischen Entwicklung der gesamten Situation lässt sich derzeit weder das konkrete
            Ausmaß noch die Dauer der Beeinträchtigungen verlässlich ermitteln. Die tatsächlichen
            Auswirkungen hängen maßgeblich vom weiteren Verlauf des Ukraine-Kriegs ab, die seitens
            der Geschäftsführung fortlaufend überwacht werden. Im Übrigen wird auf die Ausführungen
            im Chancen- und Risikobericht des Lageberichts verwiesen.",1
"Die Aufgliederung und Entwicklung der einzelnen Posten des Anlagevermögens sind in
            dem nachfolgenden Anlagenspiegel dargestellt",1
5. Identifikation der Personenhandelsgesellschaft,1
4. Organe der Gesellschaft,1
"Entwicklung des Anlagevermögens der ABI Anlagentechnik-Baumaschinen-Industriebedarf
            Maschinenfabrik
         
         und Vertriebsgesellschaft mit beschränkter Haftung, Niedernberg, im Geschäftsjahr
            2016",1
"Die Gesellschaft erstellt als Mutterunternehmen einen Konzernabschluss. Der Konzernabschluss
            wird im Bundesanzeiger veröffentlicht.",1
A n l a g e n s p i e g e l zum 31. Dezember 2006,1
III. Erläuterungen zum Jahresabschluss,1
"-	Herr Bernd Gothe, technischer Geschäftsführer",1
"Am 3. Januar 2020 wurden 100 % der Anteile an der Scheugenpflug Inc. an die Atlas
            Copco IAS LLC mit einem den Buchwert übersteigenden Verkaufserlös verkauft.",1
"Aufgrund der weiter anhaltenden Schwäche der Automobilindustrie bleibt die Auftragslage
            auch zu Beginn des Jahres 2020 deutlich hinter den Erwartungen zurück. Zusätzlich
            wird die Auftragslage sehr stark von den Auswirkungen der Coronavirus-Pandemie belastet.",1
"Vorgänge von besonderer Bedeutung nach dem Abschlussstichtag: Ab Januar 2020 ergab
            sich eine sprunghafte Ausweitung der weltweiten Corona-Infektionen. Wir verweisen
            diesbezüglich auf unsere Ausführungen im Lagebericht.",1
"Mutterunternehmen ist die WINTERSTEIGER AG mit Sitz in 4910 Ried im Innkreis, Österreich.
            Diese erstellt den Konzernabschluss für die WINTERSTEIGER AG.",1
Organbezüge,1
Anlage zum Anhang,1
"Auf der Beschaffungsseite könnte es zu Lieferengpässen bei bestimmten Metalllegierungen
            kommen, aktuell ist dieser Effekt sehr gering. Insbesondere die Verteuerung der Energie
            wird das Ergebnis 2022 belasten. Dies hängt jedoch auch davon ab, inwieweit Preiserhöhungen
            an Kunden weitergegeben werden können.",1
Besondere Ereignisse nach Abschluss des Geschäftsjahres,1
"4. Sachanlagen sind mit den Anschaffungs- oder Herstellungskosten, vermindert um planmäßige
            Abschreibungen, bewertet. In die Herstellungskosten wurden neben den direkt zurechenbaren
            Einzelkosten auch angemessene Teile der Fertigungs- und Materialgemeinkosten sowie
            der Werteverzehr des Anlagevermögens, soweit dieser durch die Fertigung veranlasst
            ist, eingerechnet. Planmäßige Abschreibungen werden nach der voraussichtlichen Nutzungsdauer
            linear vorgenommen. Die Nutzungsdauern stellen sich nach Anlagengruppen wie folgt
            dar:",1
Zusammensetzung und Entwicklung des Anlagevermögens,1
"Darüberhinaus sind nach Abschluss des Geschäftsjahres keine Geschäftsvorfälle bekannt
            geworden bzw. eingetreten, die wesentliche Auswirkungen auf die Ertrags-, Finanz-
            und Vermögenslage der Leifeld Metal Spinning GmbH haben könnten.",1
"Die Leifeld Metal Spinning GmbH ist ein 100%iges Tochterunternehmen der Nihon Spindle
            Manufacturing Co., Ltd. mit Sitz in Amagasaki-shi, Hyogo-ken, Japan. Der Konzernabschluss
            für den kleinsten und größten Kreis der Unternehmen wird von der Sumitomo Heavy Industries,
            Ltd., Shinagawa-ku, Tokyo, Japan, aufgestellt und in EDINET (Electric Diclosure for
            Investor's NETwork) unter der Nummer E01533 offengelegt. Die Leifeld Metal Spinning
            GmbH ist von der Verpflichtung zur Aufstellung eines Konzernabschlusses gem. §293
            HGB befreit.",1
"Teepack Spezialmaschinen Gesellschaft mit beschränkter Haftung & Co. Kommanditgesellschaft,
            Düsseldorf",1
"Da nur ein Geschäftsführer von der Gesellschaft Bezüge erhält, wird § 286 Abs. 4 HGB
            in Anspruch genommen.",1
Erträge aus Verlustübernahme,1
8. Vorschlag über die Verwendung des Jahresergebnisses,1
Die Investitionen erfolgten in folgenden Bereichen:,1
Anlagenspiegel zum 31. August 2022,1
III. Erläuterungen zur Bilanz,1
"Die
         
          Steuerrückstellungen
         
         beinhalten die das Geschäftsjahr betreffenden, noch nicht veranlagten Steuern aufgrund
            des Jahresergebnisses.",1
"Die
         
          unfertigen und fertigen Erzeugnisse
         
         werden zu Herstellungskosten gem. § 255 Abs. 2 HGB mit den Rohstoffkosten zuzüglich
            angefallener Verarbeitungskosten, entsprechend der zum Bilanzstichtag erreichten Fertigungsstufe,
            angesetzt. Gemeinkosten wurden durch die Verwendung von angemessenen Zuschlägen berücksichtigt.",1
"Forderungen und sonstige Vermögensgegenstände
         
         sind zum Nennwert unter Abzug gebotener Wertberichtigungen angesetzt, das allgemeine
            Kreditrisiko ist in Form von einzelnen und pauschalen Abschlägen berücksichtigt. Zur
            Erfassung des allgemeinen Delkredererisikos wurden Wertberichtigungen gebildet.",1
"Die durchschnittliche Zahl der während des Geschäftsjahres 2021 beschäftigten Arbeiter
            beläuft sich auf 81 und Angestellte 40 einschließlich der Teilzeitbeschäftigten. Im
            Durchschnitt wurden somit 121 Arbeitnehmer beschäftigt.",1
